# Name of benchmark/experiment: FILLET Experiment 1 (warm start)
# Code: AVALON (Albedo-feedback Variable Axial-tilt Latitudinal Outgoing-Net EBM)
# Describe how ice line latitude is determined: latitude where the annual-mean surface temperature crosses 0.00 C, linearly interpolated in latitude between cell centers. Land and Sea columns are identical (one temperature per band).
# Conventions: ice-free NMax=NMin=90, SMax=SMin=-90; snowball NMax=90 NMin=0 SMax=0 SMin=-90; polar cap NMax=90 NMin=edge (SMax=-edge SMin=-90); belt NMax/NMin = poleward/equatorward edges. If a cap and a belt coexist the cap is reported.
# Mode: seasonal (limit cycle; values are means over the final orbit)
# Orbital period (days): 365.0000; steps per orbit: 366 (dt = 0.9973 days; even count, so the sampled seasonal forcing is mirror-symmetric between hemispheres); grid: 90 equal-area cells in sin(lat), cell-centered, no node on the poles
# Albedo land/ocean/ice: 0.3000/0.2000/0.6000; heat capacity land/ocean/ice: 1e+07/4e+08/1e+07 J m^-2 K^-1; D = 0.5000 W m^-2 K^-1
# OLR = A + B*T - F*ln(CO2/280 ppm), T in C: A = 210.00 W m^-2, B = 2.000 W m^-2 K^-1, F = 5.35 W m^-2
# Ice: linear transition of width 1.00 K centered on 0.00 C; an ice-covered band takes the ice albedo and the ice heat capacity (from the instantaneous temperature)
# Land fraction: 0.25 uniform (FILLET Table 4); one temperature per band (land and ocean blended in albedo and heat capacity)
# Initial state: uniform 30.0 C at all latitudes (warm start), integration starts at northern spring equinox
# Case order: instellation outermost, obliquity innermost
# Orbital period: 365.00 days for every case
# Per-case convergence and hemispheric-symmetry diagnostics are kept with the AVALON repository (convergence.log and per-case lat files)
#
# Columns: Case = case number; Inst = instellation (S_earth = 1361 W m^-2); Obl = obliquity (deg); XCO2 = CO2 mixing ratio (ppm); Tglob = area-weighted annual mean surface temperature (K); IceLine* = ice edges (deg, see above); Diff = diffusion coefficient used (W m^-2 K^-1); OLRglob = area-weighted annual mean OLR (W m^-2)
# Case Inst Obl XCO2 Tglob IceLineNMaxLand IceLineNMinLand IceLineNMaxSea IceLineNMinSea IceLineSMaxLand IceLineSMinLand IceLineSMaxSea IceLineSMinSea Diff OLRglob
0 0.800000 0.0 280 222.5909 90.000 0.000 90.000 0.000 0.000 -90.000 0.000 -90.000 0.5000 108.8817
1 0.800000 10.0 280 222.5901 90.000 0.000 90.000 0.000 0.000 -90.000 0.000 -90.000 0.5000 108.8801
2 0.800000 20.0 280 222.5900 90.000 0.000 90.000 0.000 0.000 -90.000 0.000 -90.000 0.5000 108.8801
3 0.800000 30.0 280 222.5900 90.000 0.000 90.000 0.000 0.000 -90.000 0.000 -90.000 0.5000 108.8800
4 0.800000 40.0 280 222.5900 90.000 0.000 90.000 0.000 0.000 -90.000 0.000 -90.000 0.5000 108.8800
5 0.800000 50.0 280 223.3330 90.000 0.000 90.000 0.000 0.000 -90.000 0.000 -90.000 0.5000 110.3660
6 0.800000 60.0 280 225.8258 90.000 0.000 90.000 0.000 0.000 -90.000 0.000 -90.000 0.5000 115.3516
7 0.800000 70.0 280 227.8870 90.000 0.000 90.000 0.000 0.000 -90.000 0.000 -90.000 0.5000 119.4741
8 0.800000 80.0 280 229.1862 90.000 0.000 90.000 0.000 0.000 -90.000 0.000 -90.000 0.5000 122.0724
9 0.800000 90.0 280 229.8265 90.000 0.000 90.000 0.000 0.000 -90.000 0.000 -90.000 0.5000 123.3530
10 0.825000 0.0 280 224.2922 90.000 0.000 90.000 0.000 0.000 -90.000 0.000 -90.000 0.5000 112.2843
11 0.825000 10.0 280 224.2913 90.000 0.000 90.000 0.000 0.000 -90.000 0.000 -90.000 0.5000 112.2826
12 0.825000 20.0 280 224.2913 90.000 0.000 90.000 0.000 0.000 -90.000 0.000 -90.000 0.5000 112.2826
13 0.825000 30.0 280 224.2913 90.000 0.000 90.000 0.000 0.000 -90.000 0.000 -90.000 0.5000 112.2825
14 0.825000 40.0 280 224.2913 90.000 0.000 90.000 0.000 0.000 -90.000 0.000 -90.000 0.5000 112.2825
15 0.825000 50.0 280 225.7666 90.000 0.000 90.000 0.000 0.000 -90.000 0.000 -90.000 0.5000 115.2332
16 0.825000 60.0 280 228.5988 90.000 0.000 90.000 0.000 0.000 -90.000 0.000 -90.000 0.5000 120.8976
17 0.825000 70.0 280 230.8487 90.000 0.000 90.000 0.000 0.000 -90.000 0.000 -90.000 0.5000 125.3974
18 0.825000 80.0 280 232.3693 90.000 0.000 90.000 0.000 0.000 -90.000 0.000 -90.000 0.5000 128.4387
19 0.825000 90.0 280 232.8559 90.000 0.000 90.000 0.000 0.000 -90.000 0.000 -90.000 0.5000 129.4118
20 0.850000 0.0 280 225.9934 90.000 0.000 90.000 0.000 0.000 -90.000 0.000 -90.000 0.5000 115.6869
21 0.850000 10.0 280 225.9926 90.000 0.000 90.000 0.000 0.000 -90.000 0.000 -90.000 0.5000 115.6851
22 0.850000 20.0 280 225.9925 90.000 0.000 90.000 0.000 0.000 -90.000 0.000 -90.000 0.5000 115.6851
23 0.850000 30.0 280 225.9925 90.000 0.000 90.000 0.000 0.000 -90.000 0.000 -90.000 0.5000 115.6850
24 0.850000 40.0 280 225.9925 90.000 0.000 90.000 0.000 0.000 -90.000 0.000 -90.000 0.5000 115.6850
25 0.850000 50.0 280 228.4048 90.000 0.000 90.000 0.000 0.000 -90.000 0.000 -90.000 0.5000 120.5097
26 0.850000 60.0 280 280.2202 90.000 90.000 90.000 90.000 -90.000 -90.000 -90.000 -90.000 0.5000 224.1403
27 0.850000 70.0 280 280.2202 90.000 90.000 90.000 90.000 -90.000 -90.000 -90.000 -90.000 0.5000 224.1403
28 0.850000 80.0 280 235.5043 90.000 0.000 90.000 0.000 0.000 -90.000 0.000 -90.000 0.5000 134.7086
29 0.850000 90.0 280 236.0448 90.000 0.000 90.000 0.000 0.000 -90.000 0.000 -90.000 0.5000 135.7897
30 0.875000 0.0 280 227.6947 90.000 0.000 90.000 0.000 0.000 -90.000 0.000 -90.000 0.5000 119.0894
31 0.875000 10.0 280 227.6938 90.000 0.000 90.000 0.000 0.000 -90.000 0.000 -90.000 0.5000 119.0876
32 0.875000 20.0 280 227.6938 90.000 0.000 90.000 0.000 0.000 -90.000 0.000 -90.000 0.5000 119.0876
33 0.875000 30.0 280 227.6938 90.000 0.000 90.000 0.000 0.000 -90.000 0.000 -90.000 0.5000 119.0875
34 0.875000 40.0 280 227.6938 90.000 0.000 90.000 0.000 0.000 -90.000 0.000 -90.000 0.5000 119.0875
35 0.875000 50.0 280 283.5164 90.000 90.000 90.000 90.000 -90.000 -90.000 -90.000 -90.000 0.5000 230.7327
36 0.875000 60.0 280 283.5163 90.000 90.000 90.000 90.000 -90.000 -90.000 -90.000 -90.000 0.5000 230.7327
37 0.875000 70.0 280 283.5163 90.000 90.000 90.000 90.000 -90.000 -90.000 -90.000 -90.000 0.5000 230.7327
38 0.875000 80.0 280 283.5163 90.000 90.000 90.000 90.000 -90.000 -90.000 -90.000 -90.000 0.5000 230.7327
39 0.875000 90.0 280 283.5163 90.000 90.000 90.000 90.000 -90.000 -90.000 -90.000 -90.000 0.5000 230.7327
40 0.900000 0.0 280 229.3960 90.000 0.000 90.000 0.000 0.000 -90.000 0.000 -90.000 0.5000 122.4920
41 0.900000 10.0 280 229.3951 90.000 0.000 90.000 0.000 0.000 -90.000 0.000 -90.000 0.5000 122.4901
42 0.900000 20.0 280 229.3950 90.000 0.000 90.000 0.000 0.000 -90.000 0.000 -90.000 0.5000 122.4901
43 0.900000 30.0 280 229.3950 90.000 0.000 90.000 0.000 0.000 -90.000 0.000 -90.000 0.5000 122.4900
44 0.900000 40.0 280 283.1994 90.000 59.231 90.000 59.231 -59.231 -90.000 -59.231 -90.000 0.5000 230.0988
45 0.900000 50.0 280 286.8125 90.000 90.000 90.000 90.000 -90.000 -90.000 -90.000 -90.000 0.5000 237.3251
46 0.900000 60.0 280 286.8125 90.000 90.000 90.000 90.000 -90.000 -90.000 -90.000 -90.000 0.5000 237.3251
47 0.900000 70.0 280 286.8125 90.000 90.000 90.000 90.000 -90.000 -90.000 -90.000 -90.000 0.5000 237.3250
48 0.900000 80.0 280 286.8125 90.000 90.000 90.000 90.000 -90.000 -90.000 -90.000 -90.000 0.5000 237.3250
49 0.900000 90.0 280 286.8125 90.000 90.000 90.000 90.000 -90.000 -90.000 -90.000 -90.000 0.5000 237.3250
50 0.925000 0.0 280 231.0973 90.000 0.000 90.000 0.000 0.000 -90.000 0.000 -90.000 0.5000 125.8945
51 0.925000 10.0 280 231.0963 90.000 0.000 90.000 0.000 0.000 -90.000 0.000 -90.000 0.5000 125.8926
52 0.925000 20.0 280 231.0963 90.000 0.000 90.000 0.000 0.000 -90.000 0.000 -90.000 0.5000 125.8926
53 0.925000 30.0 280 285.8252 90.000 54.813 90.000 54.813 -54.813 -90.000 -54.813 -90.000 0.5000 235.3504
54 0.925000 40.0 280 290.1087 90.000 90.000 90.000 90.000 -90.000 -90.000 -90.000 -90.000 0.5000 243.9174
55 0.925000 50.0 280 290.1087 90.000 90.000 90.000 90.000 -90.000 -90.000 -90.000 -90.000 0.5000 243.9174
56 0.925000 60.0 280 290.1087 90.000 90.000 90.000 90.000 -90.000 -90.000 -90.000 -90.000 0.5000 243.9174
57 0.925000 70.0 280 290.1087 90.000 90.000 90.000 90.000 -90.000 -90.000 -90.000 -90.000 0.5000 243.9174
58 0.925000 80.0 280 290.1087 90.000 90.000 90.000 90.000 -90.000 -90.000 -90.000 -90.000 0.5000 243.9174
59 0.925000 90.0 280 290.1087 90.000 90.000 90.000 90.000 -90.000 -90.000 -90.000 -90.000 0.5000 243.9174
60 0.950000 0.0 280 280.1267 90.000 41.575 90.000 41.575 -41.575 -90.000 -41.575 -90.000 0.5000 223.9534
61 0.950000 10.0 280 278.7274 90.000 40.163 90.000 40.163 -40.163 -90.000 -40.163 -90.000 0.5000 221.1548
62 0.950000 20.0 280 281.0633 90.000 43.461 90.000 43.461 -43.461 -90.000 -43.461 -90.000 0.5000 225.8266
63 0.950000 30.0 280 291.8907 90.000 69.771 90.000 69.771 -69.771 -90.000 -69.771 -90.000 0.5000 247.4815
64 0.950000 40.0 280 293.4049 90.000 90.000 90.000 90.000 -90.000 -90.000 -90.000 -90.000 0.5000 250.5097
65 0.950000 50.0 280 293.4048 90.000 90.000 90.000 90.000 -90.000 -90.000 -90.000 -90.000 0.5000 250.5097
66 0.950000 60.0 280 293.4048 90.000 90.000 90.000 90.000 -90.000 -90.000 -90.000 -90.000 0.5000 250.5097
67 0.950000 70.0 280 293.4048 90.000 90.000 90.000 90.000 -90.000 -90.000 -90.000 -90.000 0.5000 250.5097
68 0.950000 80.0 280 293.4048 90.000 90.000 90.000 90.000 -90.000 -90.000 -90.000 -90.000 0.5000 250.5097
69 0.950000 90.0 280 293.4048 90.000 90.000 90.000 90.000 -90.000 -90.000 -90.000 -90.000 0.5000 250.5097
70 0.975000 0.0 280 289.1461 90.000 50.865 90.000 50.865 -50.865 -90.000 -50.865 -90.000 0.5000 241.9923
71 0.975000 10.0 280 288.9617 90.000 51.035 90.000 51.035 -51.035 -90.000 -51.035 -90.000 0.5000 241.6235
72 0.975000 20.0 280 291.6970 90.000 56.974 90.000 56.974 -56.974 -90.000 -56.974 -90.000 0.5000 247.0940
73 0.975000 30.0 280 296.5542 90.000 90.000 90.000 90.000 -90.000 -90.000 -90.000 -90.000 0.5000 256.8084
74 0.975000 40.0 280 296.7010 90.000 90.000 90.000 90.000 -90.000 -90.000 -90.000 -90.000 0.5000 257.1021
75 0.975000 50.0 280 296.7010 90.000 90.000 90.000 90.000 -90.000 -90.000 -90.000 -90.000 0.5000 257.1020
76 0.975000 60.0 280 296.7010 90.000 90.000 90.000 90.000 -90.000 -90.000 -90.000 -90.000 0.5000 257.1020
77 0.975000 70.0 280 296.7010 90.000 90.000 90.000 90.000 -90.000 -90.000 -90.000 -90.000 0.5000 257.1020
78 0.975000 80.0 280 296.7010 90.000 90.000 90.000 90.000 -90.000 -90.000 -90.000 -90.000 0.5000 257.1020
79 0.975000 90.0 280 296.7010 90.000 90.000 90.000 90.000 -90.000 -90.000 -90.000 -90.000 0.5000 257.1020
80 1.000000 0.0 280 295.4110 90.000 57.544 90.000 57.544 -57.544 -90.000 -57.544 -90.000 0.5000 254.5219
81 1.000000 10.0 280 295.9581 90.000 59.209 90.000 59.209 -59.209 -90.000 -59.209 -90.000 0.5000 255.6163
82 1.000000 20.0 280 298.6755 90.000 69.758 90.000 69.758 -69.758 -90.000 -69.758 -90.000 0.5000 261.0511
83 1.000000 30.0 280 299.9973 90.000 90.000 90.000 90.000 -90.000 -90.000 -90.000 -90.000 0.5000 263.6945
84 1.000000 40.0 280 299.9972 90.000 90.000 90.000 90.000 -90.000 -90.000 -90.000 -90.000 0.5000 263.6945
85 1.000000 50.0 280 299.9972 90.000 90.000 90.000 90.000 -90.000 -90.000 -90.000 -90.000 0.5000 263.6945
86 1.000000 60.0 280 299.9972 90.000 90.000 90.000 90.000 -90.000 -90.000 -90.000 -90.000 0.5000 263.6944
87 1.000000 70.0 280 299.9972 90.000 90.000 90.000 90.000 -90.000 -90.000 -90.000 -90.000 0.5000 263.6944
88 1.000000 80.0 280 299.9972 90.000 90.000 90.000 90.000 -90.000 -90.000 -90.000 -90.000 0.5000 263.6944
89 1.000000 90.0 280 299.9972 90.000 90.000 90.000 90.000 -90.000 -90.000 -90.000 -90.000 0.5000 263.6944
90 1.025000 0.0 280 301.2422 90.000 64.882 90.000 64.882 -64.882 -90.000 -64.882 -90.000 0.5000 266.1843
91 1.025000 10.0 280 301.1154 90.000 65.724 90.000 65.724 -65.724 -90.000 -65.724 -90.000 0.5000 265.9308
92 1.025000 20.0 280 302.9665 90.000 90.000 90.000 90.000 -90.000 -90.000 -90.000 -90.000 0.5000 269.6331
93 1.025000 30.0 280 303.2929 90.000 90.000 90.000 90.000 -90.000 -90.000 -90.000 -90.000 0.5000 270.2859
94 1.025000 40.0 280 303.2929 90.000 90.000 90.000 90.000 -90.000 -90.000 -90.000 -90.000 0.5000 270.2859
95 1.025000 50.0 280 303.2929 90.000 90.000 90.000 90.000 -90.000 -90.000 -90.000 -90.000 0.5000 270.2859
96 1.025000 60.0 280 303.2929 90.000 90.000 90.000 90.000 -90.000 -90.000 -90.000 -90.000 0.5000 270.2858
97 1.025000 70.0 280 303.2929 90.000 90.000 90.000 90.000 -90.000 -90.000 -90.000 -90.000 0.5000 270.2859
98 1.025000 80.0 280 303.2929 90.000 90.000 90.000 90.000 -90.000 -90.000 -90.000 -90.000 0.5000 270.2859
99 1.025000 90.0 280 303.2929 90.000 90.000 90.000 90.000 -90.000 -90.000 -90.000 -90.000 0.5000 270.2859
100 1.050000 0.0 280 305.2205 90.000 69.255 90.000 69.255 -69.255 -90.000 -69.255 -90.000 0.5000 274.1410
101 1.050000 10.0 280 305.7300 90.000 72.916 90.000 72.916 -72.916 -90.000 -72.916 -90.000 0.5000 275.1599
102 1.050000 20.0 280 306.5890 90.000 90.000 90.000 90.000 -90.000 -90.000 -90.000 -90.000 0.5000 276.8779
103 1.050000 30.0 280 306.5889 90.000 90.000 90.000 90.000 -90.000 -90.000 -90.000 -90.000 0.5000 276.8778
104 1.050000 40.0 280 306.5889 90.000 90.000 90.000 90.000 -90.000 -90.000 -90.000 -90.000 0.5000 276.8778
105 1.050000 50.0 280 306.5889 90.000 90.000 90.000 90.000 -90.000 -90.000 -90.000 -90.000 0.5000 276.8778
106 1.050000 60.0 280 306.5889 90.000 90.000 90.000 90.000 -90.000 -90.000 -90.000 -90.000 0.5000 276.8778
107 1.050000 70.0 280 306.5889 90.000 90.000 90.000 90.000 -90.000 -90.000 -90.000 -90.000 0.5000 276.8777
108 1.050000 80.0 280 306.5889 90.000 90.000 90.000 90.000 -90.000 -90.000 -90.000 -90.000 0.5000 276.8777
109 1.050000 90.0 280 306.5889 90.000 90.000 90.000 90.000 -90.000 -90.000 -90.000 -90.000 0.5000 276.8777
110 1.075000 0.0 280 309.1201 90.000 74.234 90.000 74.234 -74.234 -90.000 -74.234 -90.000 0.5000 281.9402
111 1.075000 10.0 280 309.7444 90.000 90.000 90.000 90.000 -90.000 -90.000 -90.000 -90.000 0.5000 283.1887
112 1.075000 20.0 280 309.8851 90.000 90.000 90.000 90.000 -90.000 -90.000 -90.000 -90.000 0.5000 283.4702
113 1.075000 30.0 280 309.8851 90.000 90.000 90.000 90.000 -90.000 -90.000 -90.000 -90.000 0.5000 283.4702
114 1.075000 40.0 280 309.8851 90.000 90.000 90.000 90.000 -90.000 -90.000 -90.000 -90.000 0.5000 283.4701
115 1.075000 50.0 280 309.8850 90.000 90.000 90.000 90.000 -90.000 -90.000 -90.000 -90.000 0.5000 283.4701
116 1.075000 60.0 280 309.8850 90.000 90.000 90.000 90.000 -90.000 -90.000 -90.000 -90.000 0.5000 283.4701
117 1.075000 70.0 280 309.8850 90.000 90.000 90.000 90.000 -90.000 -90.000 -90.000 -90.000 0.5000 283.4701
118 1.075000 80.0 280 309.8850 90.000 90.000 90.000 90.000 -90.000 -90.000 -90.000 -90.000 0.5000 283.4701
119 1.075000 90.0 280 309.8850 90.000 90.000 90.000 90.000 -90.000 -90.000 -90.000 -90.000 0.5000 283.4701
120 1.100000 0.0 280 313.1835 90.000 90.000 90.000 90.000 -90.000 -90.000 -90.000 -90.000 0.5000 290.0671
121 1.100000 10.0 280 313.1814 90.000 90.000 90.000 90.000 -90.000 -90.000 -90.000 -90.000 0.5000 290.0628
122 1.100000 20.0 280 313.1813 90.000 90.000 90.000 90.000 -90.000 -90.000 -90.000 -90.000 0.5000 290.0626
123 1.100000 30.0 280 313.1813 90.000 90.000 90.000 90.000 -90.000 -90.000 -90.000 -90.000 0.5000 290.0625
124 1.100000 40.0 280 313.1812 90.000 90.000 90.000 90.000 -90.000 -90.000 -90.000 -90.000 0.5000 290.0625
125 1.100000 50.0 280 313.1812 90.000 90.000 90.000 90.000 -90.000 -90.000 -90.000 -90.000 0.5000 290.0624
126 1.100000 60.0 280 313.1812 90.000 90.000 90.000 90.000 -90.000 -90.000 -90.000 -90.000 0.5000 290.0624
127 1.100000 70.0 280 313.1812 90.000 90.000 90.000 90.000 -90.000 -90.000 -90.000 -90.000 0.5000 290.0624
128 1.100000 80.0 280 313.1812 90.000 90.000 90.000 90.000 -90.000 -90.000 -90.000 -90.000 0.5000 290.0624
129 1.100000 90.0 280 313.1812 90.000 90.000 90.000 90.000 -90.000 -90.000 -90.000 -90.000 0.5000 290.0624
130 1.125000 0.0 280 316.4798 90.000 90.000 90.000 90.000 -90.000 -90.000 -90.000 -90.000 0.5000 296.6595
131 1.125000 10.0 280 316.4775 90.000 90.000 90.000 90.000 -90.000 -90.000 -90.000 -90.000 0.5000 296.6551
132 1.125000 20.0 280 316.4774 90.000 90.000 90.000 90.000 -90.000 -90.000 -90.000 -90.000 0.5000 296.6549
133 1.125000 30.0 280 316.4774 90.000 90.000 90.000 90.000 -90.000 -90.000 -90.000 -90.000 0.5000 296.6548
134 1.125000 40.0 280 316.4774 90.000 90.000 90.000 90.000 -90.000 -90.000 -90.000 -90.000 0.5000 296.6548
135 1.125000 50.0 280 316.4774 90.000 90.000 90.000 90.000 -90.000 -90.000 -90.000 -90.000 0.5000 296.6547
136 1.125000 60.0 280 316.4774 90.000 90.000 90.000 90.000 -90.000 -90.000 -90.000 -90.000 0.5000 296.6547
137 1.125000 70.0 280 316.4774 90.000 90.000 90.000 90.000 -90.000 -90.000 -90.000 -90.000 0.5000 296.6547
138 1.125000 80.0 280 316.4774 90.000 90.000 90.000 90.000 -90.000 -90.000 -90.000 -90.000 0.5000 296.6547
139 1.125000 90.0 280 316.4774 90.000 90.000 90.000 90.000 -90.000 -90.000 -90.000 -90.000 0.5000 296.6547
140 1.150000 0.0 280 319.7760 90.000 90.000 90.000 90.000 -90.000 -90.000 -90.000 -90.000 0.5000 303.2520
141 1.150000 10.0 280 319.7737 90.000 90.000 90.000 90.000 -90.000 -90.000 -90.000 -90.000 0.5000 303.2474
142 1.150000 20.0 280 319.7736 90.000 90.000 90.000 90.000 -90.000 -90.000 -90.000 -90.000 0.5000 303.2472
143 1.150000 30.0 280 319.7736 90.000 90.000 90.000 90.000 -90.000 -90.000 -90.000 -90.000 0.5000 303.2471
144 1.150000 40.0 280 319.7736 90.000 90.000 90.000 90.000 -90.000 -90.000 -90.000 -90.000 0.5000 303.2471
145 1.150000 50.0 280 319.7735 90.000 90.000 90.000 90.000 -90.000 -90.000 -90.000 -90.000 0.5000 303.2471
146 1.150000 60.0 280 319.7735 90.000 90.000 90.000 90.000 -90.000 -90.000 -90.000 -90.000 0.5000 303.2470
147 1.150000 70.0 280 319.7735 90.000 90.000 90.000 90.000 -90.000 -90.000 -90.000 -90.000 0.5000 303.2470
148 1.150000 80.0 280 319.7735 90.000 90.000 90.000 90.000 -90.000 -90.000 -90.000 -90.000 0.5000 303.2470
149 1.150000 90.0 280 319.7735 90.000 90.000 90.000 90.000 -90.000 -90.000 -90.000 -90.000 0.5000 303.2470
150 1.175000 0.0 280 323.0722 90.000 90.000 90.000 90.000 -90.000 -90.000 -90.000 -90.000 0.5000 309.8444
151 1.175000 10.0 280 323.0699 90.000 90.000 90.000 90.000 -90.000 -90.000 -90.000 -90.000 0.5000 309.8398
152 1.175000 20.0 280 323.0698 90.000 90.000 90.000 90.000 -90.000 -90.000 -90.000 -90.000 0.5000 309.8396
153 1.175000 30.0 280 323.0698 90.000 90.000 90.000 90.000 -90.000 -90.000 -90.000 -90.000 0.5000 309.8395
154 1.175000 40.0 280 323.0697 90.000 90.000 90.000 90.000 -90.000 -90.000 -90.000 -90.000 0.5000 309.8395
155 1.175000 50.0 280 323.0697 90.000 90.000 90.000 90.000 -90.000 -90.000 -90.000 -90.000 0.5000 309.8394
156 1.175000 60.0 280 323.0697 90.000 90.000 90.000 90.000 -90.000 -90.000 -90.000 -90.000 0.5000 309.8394
157 1.175000 70.0 280 323.0697 90.000 90.000 90.000 90.000 -90.000 -90.000 -90.000 -90.000 0.5000 309.8394
158 1.175000 80.0 280 323.0697 90.000 90.000 90.000 90.000 -90.000 -90.000 -90.000 -90.000 0.5000 309.8394
159 1.175000 90.0 280 323.0697 90.000 90.000 90.000 90.000 -90.000 -90.000 -90.000 -90.000 0.5000 309.8394
160 1.200000 0.0 280 326.3685 90.000 90.000 90.000 90.000 -90.000 -90.000 -90.000 -90.000 0.5000 316.4369
161 1.200000 10.0 280 326.3661 90.000 90.000 90.000 90.000 -90.000 -90.000 -90.000 -90.000 0.5000 316.4322
162 1.200000 20.0 280 326.3660 90.000 90.000 90.000 90.000 -90.000 -90.000 -90.000 -90.000 0.5000 316.4320
163 1.200000 30.0 280 326.3659 90.000 90.000 90.000 90.000 -90.000 -90.000 -90.000 -90.000 0.5000 316.4319
164 1.200000 40.0 280 326.3659 90.000 90.000 90.000 90.000 -90.000 -90.000 -90.000 -90.000 0.5000 316.4319
165 1.200000 50.0 280 326.3659 90.000 90.000 90.000 90.000 -90.000 -90.000 -90.000 -90.000 0.5000 316.4318
166 1.200000 60.0 280 326.3659 90.000 90.000 90.000 90.000 -90.000 -90.000 -90.000 -90.000 0.5000 316.4318
167 1.200000 70.0 280 326.3659 90.000 90.000 90.000 90.000 -90.000 -90.000 -90.000 -90.000 0.5000 316.4318
168 1.200000 80.0 280 326.3659 90.000 90.000 90.000 90.000 -90.000 -90.000 -90.000 -90.000 0.5000 316.4318
169 1.200000 90.0 280 326.3659 90.000 90.000 90.000 90.000 -90.000 -90.000 -90.000 -90.000 0.5000 316.4318
170 1.225000 0.0 280 329.6646 90.000 90.000 90.000 90.000 -90.000 -90.000 -90.000 -90.000 0.5000 323.0293
171 1.225000 10.0 280 329.6622 90.000 90.000 90.000 90.000 -90.000 -90.000 -90.000 -90.000 0.5000 323.0244
172 1.225000 20.0 280 329.6621 90.000 90.000 90.000 90.000 -90.000 -90.000 -90.000 -90.000 0.5000 323.0242
173 1.225000 30.0 280 329.6621 90.000 90.000 90.000 90.000 -90.000 -90.000 -90.000 -90.000 0.5000 323.0241
174 1.225000 40.0 280 329.6621 90.000 90.000 90.000 90.000 -90.000 -90.000 -90.000 -90.000 0.5000 323.0241
175 1.225000 50.0 280 329.6620 90.000 90.000 90.000 90.000 -90.000 -90.000 -90.000 -90.000 0.5000 323.0241
176 1.225000 60.0 280 329.6620 90.000 90.000 90.000 90.000 -90.000 -90.000 -90.000 -90.000 0.5000 323.0240
177 1.225000 70.0 280 329.6620 90.000 90.000 90.000 90.000 -90.000 -90.000 -90.000 -90.000 0.5000 323.0240
178 1.225000 80.0 280 329.6620 90.000 90.000 90.000 90.000 -90.000 -90.000 -90.000 -90.000 0.5000 323.0240
179 1.225000 90.0 280 329.6620 90.000 90.000 90.000 90.000 -90.000 -90.000 -90.000 -90.000 0.5000 323.0240
180 1.250000 0.0 280 332.9609 90.000 90.000 90.000 90.000 -90.000 -90.000 -90.000 -90.000 0.5000 329.6218
181 1.250000 10.0 280 332.9584 90.000 90.000 90.000 90.000 -90.000 -90.000 -90.000 -90.000 0.5000 329.6168
182 1.250000 20.0 280 332.9583 90.000 90.000 90.000 90.000 -90.000 -90.000 -90.000 -90.000 0.5000 329.6166
183 1.250000 30.0 280 332.9583 90.000 90.000 90.000 90.000 -90.000 -90.000 -90.000 -90.000 0.5000 329.6166
184 1.250000 40.0 280 332.9583 90.000 90.000 90.000 90.000 -90.000 -90.000 -90.000 -90.000 0.5000 329.6165
185 1.250000 50.0 280 332.9582 90.000 90.000 90.000 90.000 -90.000 -90.000 -90.000 -90.000 0.5000 329.6165
186 1.250000 60.0 280 332.9582 90.000 90.000 90.000 90.000 -90.000 -90.000 -90.000 -90.000 0.5000 329.6164
187 1.250000 70.0 280 332.9582 90.000 90.000 90.000 90.000 -90.000 -90.000 -90.000 -90.000 0.5000 329.6164
188 1.250000 80.0 280 332.9582 90.000 90.000 90.000 90.000 -90.000 -90.000 -90.000 -90.000 0.5000 329.6164
189 1.250000 90.0 280 332.9582 90.000 90.000 90.000 90.000 -90.000 -90.000 -90.000 -90.000 0.5000 329.6164
