# Name of benchmark/experiment: FILLET Experiment 3 (instellation bifurcation)
# Code: AVALON (Albedo-feedback Variable Axial-tilt Latitudinal Outgoing-Net EBM)
# Describe how ice line latitude is determined: latitude where the annual-mean surface temperature crosses 0.00 C, linearly interpolated in latitude between cell centers. Land and Sea columns are identical (one temperature per band).
# Conventions: ice-free NMax=NMin=90, SMax=SMin=-90; snowball NMax=90 NMin=0 SMax=0 SMin=-90; polar cap NMax=90 NMin=edge (SMax=-edge SMin=-90); belt NMax/NMin = poleward/equatorward edges. If a cap and a belt coexist the cap is reported.
# Mode: seasonal (limit cycle; values are means over the final orbit)
# Orbital period (days): 365.0000; steps per orbit: 366 (dt = 0.9973 days; even count, so the sampled seasonal forcing is mirror-symmetric between hemispheres); grid: 90 equal-area cells in sin(lat), cell-centered, no node on the poles
# Albedo land/ocean/ice: 0.3000/0.2000/0.6000; heat capacity land/ocean/ice: 1e+07/4e+08/1e+07 J m^-2 K^-1; D = 0.5000 W m^-2 K^-1
# OLR = A + B*T - F*ln(CO2/280 ppm), T in C: A = 210.00 W m^-2, B = 2.000 W m^-2 K^-1, F = 5.35 W m^-2
# Ice: linear transition of width 1.00 K centered on 0.00 C; an ice-covered band takes the ice albedo and the ice heat capacity (from the instantaneous temperature)
# Land fraction: 0.25 uniform (FILLET Table 4); one temperature per band (land and ocean blended in albedo and heat capacity)
# Configuration: Benchmark 2 (un-tuned FILLET Table 4 parameters), obliquity 23.5
# Branches: warm = warm start (uniform 30.0 C) sweeping S0 downward; cold = cold start (uniform -50.0 C) sweeping upward. Each case starts from the final state of the previous case (continuation).
# Per-case convergence and hemispheric-symmetry diagnostics are kept with the AVALON repository (convergence.log and per-case lat files)
#
# Columns: Case = case number; Inst = instellation (S_earth = 1361 W m^-2); Obl = obliquity (deg); XCO2 = CO2 mixing ratio (ppm); Tglob = area-weighted annual mean surface temperature (K); IceLine* = ice edges (deg, see above); Diff = diffusion coefficient used (W m^-2 K^-1); OLRglob = area-weighted annual mean OLR (W m^-2)
# This file: cold-start branch (uniform -50.0 C initial state), continuation sweep with the varied parameter increasing
# Case Inst Obl XCO2 Tglob IceLineNMaxLand IceLineNMinLand IceLineNMaxSea IceLineNMinSea IceLineSMaxLand IceLineSMinLand IceLineSMaxSea IceLineSMinSea Diff OLRglob
0 0.800000 23.5 280 222.5900 90.000 0.000 90.000 0.000 0.000 -90.000 0.000 -90.000 0.5000 108.8800
1 0.812500 23.5 280 223.4406 90.000 0.000 90.000 0.000 0.000 -90.000 0.000 -90.000 0.5000 110.5813
2 0.825000 23.5 280 224.2913 90.000 0.000 90.000 0.000 0.000 -90.000 0.000 -90.000 0.5000 112.2825
3 0.837500 23.5 280 225.1419 90.000 0.000 90.000 0.000 0.000 -90.000 0.000 -90.000 0.5000 113.9838
4 0.850000 23.5 280 225.9925 90.000 0.000 90.000 0.000 0.000 -90.000 0.000 -90.000 0.5000 115.6850
5 0.862500 23.5 280 226.8431 90.000 0.000 90.000 0.000 0.000 -90.000 0.000 -90.000 0.5000 117.3863
6 0.875000 23.5 280 227.6938 90.000 0.000 90.000 0.000 0.000 -90.000 0.000 -90.000 0.5000 119.0875
7 0.887500 23.5 280 228.5444 90.000 0.000 90.000 0.000 0.000 -90.000 0.000 -90.000 0.5000 120.7888
8 0.900000 23.5 280 229.3950 90.000 0.000 90.000 0.000 0.000 -90.000 0.000 -90.000 0.5000 122.4900
9 0.912500 23.5 280 230.2456 90.000 0.000 90.000 0.000 0.000 -90.000 0.000 -90.000 0.5000 124.1913
10 0.925000 23.5 280 231.0963 90.000 0.000 90.000 0.000 0.000 -90.000 0.000 -90.000 0.5000 125.8925
11 0.937500 23.5 280 231.9469 90.000 0.000 90.000 0.000 0.000 -90.000 0.000 -90.000 0.5000 127.5938
12 0.950000 23.5 280 232.7975 90.000 0.000 90.000 0.000 0.000 -90.000 0.000 -90.000 0.5000 129.2950
13 0.962500 23.5 280 233.6481 90.000 0.000 90.000 0.000 0.000 -90.000 0.000 -90.000 0.5000 130.9963
14 0.975000 23.5 280 234.4988 90.000 0.000 90.000 0.000 0.000 -90.000 0.000 -90.000 0.5000 132.6975
15 0.987500 23.5 280 235.3494 90.000 0.000 90.000 0.000 0.000 -90.000 0.000 -90.000 0.5000 134.3988
16 1.000000 23.5 280 236.2000 90.000 0.000 90.000 0.000 0.000 -90.000 0.000 -90.000 0.5000 136.1000
17 1.012500 23.5 280 237.0506 90.000 0.000 90.000 0.000 0.000 -90.000 0.000 -90.000 0.5000 137.8013
18 1.025000 23.5 280 237.9013 90.000 0.000 90.000 0.000 0.000 -90.000 0.000 -90.000 0.5000 139.5025
19 1.037500 23.5 280 238.7519 90.000 0.000 90.000 0.000 0.000 -90.000 0.000 -90.000 0.5000 141.2038
20 1.050000 23.5 280 239.6025 90.000 0.000 90.000 0.000 0.000 -90.000 0.000 -90.000 0.5000 142.9050
21 1.062500 23.5 280 240.4531 90.000 0.000 90.000 0.000 0.000 -90.000 0.000 -90.000 0.5000 144.6063
22 1.075000 23.5 280 241.3038 90.000 0.000 90.000 0.000 0.000 -90.000 0.000 -90.000 0.5000 146.3076
23 1.087500 23.5 280 242.1544 90.000 0.000 90.000 0.000 0.000 -90.000 0.000 -90.000 0.5000 148.0088
24 1.100000 23.5 280 243.0050 90.000 0.000 90.000 0.000 0.000 -90.000 0.000 -90.000 0.5000 149.7101
25 1.112500 23.5 280 243.8557 90.000 0.000 90.000 0.000 0.000 -90.000 0.000 -90.000 0.5000 151.4113
26 1.125000 23.5 280 244.7063 90.000 0.000 90.000 0.000 0.000 -90.000 0.000 -90.000 0.5000 153.1126
27 1.137500 23.5 280 245.5569 90.000 0.000 90.000 0.000 0.000 -90.000 0.000 -90.000 0.5000 154.8138
28 1.150000 23.5 280 246.4075 90.000 0.000 90.000 0.000 0.000 -90.000 0.000 -90.000 0.5000 156.5151
29 1.162500 23.5 280 247.2582 90.000 0.000 90.000 0.000 0.000 -90.000 0.000 -90.000 0.5000 158.2163
30 1.175000 23.5 280 248.1088 90.000 0.000 90.000 0.000 0.000 -90.000 0.000 -90.000 0.5000 159.9176
31 1.187500 23.5 280 249.4879 90.000 0.000 90.000 0.000 0.000 -90.000 0.000 -90.000 0.5000 162.6758
32 1.200000 23.5 280 326.3660 90.000 90.000 90.000 90.000 -90.000 -90.000 -90.000 -90.000 0.5000 316.4319
33 1.212500 23.5 280 328.0140 90.000 90.000 90.000 90.000 -90.000 -90.000 -90.000 -90.000 0.5000 319.7281
34 1.225000 23.5 280 329.6621 90.000 90.000 90.000 90.000 -90.000 -90.000 -90.000 -90.000 0.5000 323.0242
35 1.237500 23.5 280 331.3102 90.000 90.000 90.000 90.000 -90.000 -90.000 -90.000 -90.000 0.5000 326.3204
36 1.250000 23.5 280 332.9583 90.000 90.000 90.000 90.000 -90.000 -90.000 -90.000 -90.000 0.5000 329.6166
37 1.262500 23.5 280 334.6064 90.000 90.000 90.000 90.000 -90.000 -90.000 -90.000 -90.000 0.5000 332.9128
38 1.275000 23.5 280 336.2545 90.000 90.000 90.000 90.000 -90.000 -90.000 -90.000 -90.000 0.5000 336.2089
39 1.287500 23.5 280 337.9026 90.000 90.000 90.000 90.000 -90.000 -90.000 -90.000 -90.000 0.5000 339.5051
40 1.300000 23.5 280 339.5506 90.000 90.000 90.000 90.000 -90.000 -90.000 -90.000 -90.000 0.5000 342.8013
41 1.312500 23.5 280 341.1987 90.000 90.000 90.000 90.000 -90.000 -90.000 -90.000 -90.000 0.5000 346.0975
42 1.325000 23.5 280 342.8468 90.000 90.000 90.000 90.000 -90.000 -90.000 -90.000 -90.000 0.5000 349.3936
43 1.337500 23.5 280 344.4949 90.000 90.000 90.000 90.000 -90.000 -90.000 -90.000 -90.000 0.5000 352.6898
44 1.350000 23.5 280 346.1430 90.000 90.000 90.000 90.000 -90.000 -90.000 -90.000 -90.000 0.5000 355.9860
45 1.362500 23.5 280 347.7911 90.000 90.000 90.000 90.000 -90.000 -90.000 -90.000 -90.000 0.5000 359.2821
46 1.375000 23.5 280 349.4392 90.000 90.000 90.000 90.000 -90.000 -90.000 -90.000 -90.000 0.5000 362.5783
47 1.387500 23.5 280 351.0872 90.000 90.000 90.000 90.000 -90.000 -90.000 -90.000 -90.000 0.5000 365.8745
48 1.400000 23.5 280 352.7353 90.000 90.000 90.000 90.000 -90.000 -90.000 -90.000 -90.000 0.5000 369.1707
49 1.412500 23.5 280 354.3834 90.000 90.000 90.000 90.000 -90.000 -90.000 -90.000 -90.000 0.5000 372.4668
50 1.425000 23.5 280 356.0315 90.000 90.000 90.000 90.000 -90.000 -90.000 -90.000 -90.000 0.5000 375.7630
51 1.437500 23.5 280 357.6796 90.000 90.000 90.000 90.000 -90.000 -90.000 -90.000 -90.000 0.5000 379.0592
52 1.450000 23.5 280 359.3277 90.000 90.000 90.000 90.000 -90.000 -90.000 -90.000 -90.000 0.5000 382.3554
53 1.462500 23.5 280 360.9758 90.000 90.000 90.000 90.000 -90.000 -90.000 -90.000 -90.000 0.5000 385.6515
54 1.475000 23.5 280 362.6239 90.000 90.000 90.000 90.000 -90.000 -90.000 -90.000 -90.000 0.5000 388.9477
55 1.487500 23.5 280 364.2719 90.000 90.000 90.000 90.000 -90.000 -90.000 -90.000 -90.000 0.5000 392.2439
56 1.500000 23.5 280 365.9200 90.000 90.000 90.000 90.000 -90.000 -90.000 -90.000 -90.000 0.5000 395.5400
