# Name of benchmark/experiment: FILLET Experiment 4 (CO2 bifurcation)
# Code: AVALON (Albedo-feedback Variable Axial-tilt Latitudinal Outgoing-Net EBM)
# Describe how ice line latitude is determined: latitude where the annual-mean surface temperature crosses 0.00 C, linearly interpolated in latitude between cell centers. Land and Sea columns are identical (one temperature per band).
# Conventions: ice-free NMax=NMin=90, SMax=SMin=-90; snowball NMax=90 NMin=0 SMax=0 SMin=-90; polar cap NMax=90 NMin=edge (SMax=-edge SMin=-90); belt NMax/NMin = poleward/equatorward edges. If a cap and a belt coexist the cap is reported.
# Mode: seasonal (limit cycle; values are means over the final orbit)
# Orbital period (days): 365.0000; steps per orbit: 366 (dt = 0.9973 days; even count, so the sampled seasonal forcing is mirror-symmetric between hemispheres); grid: 90 equal-area cells in sin(lat), cell-centered, no node on the poles
# Albedo land/ocean/ice: 0.3000/0.2568/0.6000; heat capacity land/ocean/ice: 1e+07/2e+08/1e+07 J m^-2 K^-1; D = 0.5200 W m^-2 K^-1
# OLR = A + B*T - F*ln(CO2/280 ppm), T in C: A = 210.00 W m^-2, B = 2.000 W m^-2 K^-1, F = 5.35 W m^-2
# Ice: linear transition of width 1.00 K centered on 0.00 C; an ice-covered band takes the ice albedo and the ice heat capacity (from the instantaneous temperature)
# Land fraction: latitude-dependent Earth profile (area mean 0.299); one temperature per band (land and ocean blended in albedo and heat capacity)
# Configuration: Benchmark 1 (tuned pre-industrial Earth: D = 0.52, alpha_ocean = 0.25676, C_ocean = 2e+08, Earth-like land fraction), obliquity 23.5
# Note: with OLR = A + B*T - F*ln(CO2/280) the CO2 forcing over 1-1e5 ppm is 62 W m^-2, less than a snowball needs to deglaciate at S = 1 (~74 W m^-2, i.e. ~3e8 ppm), so the cold-start branch stays glaciated over the whole range
# Branches: warm = warm start (uniform 30.0 C) sweeping CO2 downward; cold = cold start (uniform -50.0 C) sweeping upward. Each case starts from the final state of the previous case (continuation).
# Per-case convergence and hemispheric-symmetry diagnostics are kept with the AVALON repository (convergence.log and per-case lat files)
#
# Columns: Case = case number; Inst = instellation (S_earth = 1361 W m^-2); Obl = obliquity (deg); XCO2 = CO2 mixing ratio (ppm); Tglob = area-weighted annual mean surface temperature (K); IceLine* = ice edges (deg, see above); Diff = diffusion coefficient used (W m^-2 K^-1); OLRglob = area-weighted annual mean OLR (W m^-2); Branch = warm (warm start, decreasing sweep) or cold (cold start, increasing sweep)
# Case Inst Obl XCO2 Tglob IceLineNMaxLand IceLineNMinLand IceLineNMaxSea IceLineNMinSea IceLineSMaxLand IceLineSMinLand IceLineSMaxSea IceLineSMinSea Diff OLRglob Branch
0 1.000000 23.5 100000 308.1545 90.000 90.000 90.000 90.000 -90.000 -90.000 -90.000 -90.000 0.5200 248.5610 warm
1 1.000000 23.5 79060.4 307.5262 90.000 90.000 90.000 90.000 -90.000 -90.000 -90.000 -90.000 0.5200 248.5613 warm
2 1.000000 23.5 62505.5 306.8977 90.000 90.000 90.000 90.000 -90.000 -90.000 -90.000 -90.000 0.5200 248.5613 warm
3 1.000000 23.5 49417.1 306.2691 90.000 90.000 90.000 90.000 -90.000 -90.000 -90.000 -90.000 0.5200 248.5613 warm
4 1.000000 23.5 39069.4 305.6406 90.000 90.000 90.000 90.000 -90.000 -90.000 -90.000 -90.000 0.5200 248.5613 warm
5 1.000000 23.5 30888.4 305.0121 90.000 90.000 90.000 90.000 -90.000 -90.000 -90.000 -90.000 0.5200 248.5613 warm
6 1.000000 23.5 24420.5 304.3819 90.000 90.000 90.000 90.000 -90.000 -90.000 -90.000 -90.000 0.5200 248.5578 warm
7 1.000000 23.5 19307 303.7003 90.000 90.000 90.000 90.000 -90.000 -90.000 -90.000 -90.000 0.5200 248.4518 warm
8 1.000000 23.5 15264.2 303.0134 90.000 90.000 90.000 90.000 -90.000 -90.000 -90.000 -90.000 0.5200 248.3349 warm
9 1.000000 23.5 12067.9 302.2925 90.000 90.000 90.000 90.000 -90.000 -90.000 -90.000 -90.000 0.5200 248.1502 warm
10 1.000000 23.5 9540.95 301.5808 90.000 90.000 90.000 90.000 -90.000 -90.000 -90.000 -90.000 0.5200 247.9838 warm
11 1.000000 23.5 7543.12 300.8519 90.000 90.000 90.000 90.000 -90.000 -90.000 -90.000 -90.000 0.5200 247.7830 warm
12 1.000000 23.5 5963.62 300.0831 90.000 90.000 90.000 90.000 -90.000 -90.000 -90.000 -90.000 0.5200 247.5025 warm
13 1.000000 23.5 4714.87 299.3157 90.000 90.000 90.000 90.000 -90.000 -90.000 -90.000 -90.000 0.5200 247.2247 warm
14 1.000000 23.5 3727.59 298.5157 90.000 77.953 90.000 77.953 -90.000 -90.000 -90.000 -90.000 0.5200 246.8817 warm
15 1.000000 23.5 2947.05 297.7579 90.000 74.570 90.000 74.570 -90.000 -90.000 -90.000 -90.000 0.5200 246.6232 warm
16 1.000000 23.5 2329.95 296.8996 90.000 71.619 90.000 71.619 -79.884 -90.000 -79.884 -90.000 0.5200 246.1635 warm
17 1.000000 23.5 1842.07 296.0724 90.000 69.098 90.000 69.098 -76.652 -90.000 -76.652 -90.000 0.5200 245.7661 warm
18 1.000000 23.5 1456.35 295.2067 90.000 66.912 90.000 66.912 -73.431 -90.000 -73.431 -90.000 0.5200 245.2917 warm
19 1.000000 23.5 1151.4 294.3359 90.000 64.844 90.000 64.844 -70.935 -90.000 -70.935 -90.000 0.5200 244.8072 warm
20 1.000000 23.5 910.298 293.3932 90.000 62.739 90.000 62.739 -68.640 -90.000 -68.640 -90.000 0.5200 244.1789 warm
21 1.000000 23.5 719.686 292.4058 90.000 60.725 90.000 60.725 -66.300 -90.000 -66.300 -90.000 0.5200 243.4611 warm
22 1.000000 23.5 568.987 291.4882 90.000 58.951 90.000 58.951 -64.459 -90.000 -64.459 -90.000 0.5200 242.8829 warm
23 1.000000 23.5 449.843 290.4132 90.000 57.041 90.000 57.041 -62.245 -90.000 -62.245 -90.000 0.5200 241.9899 warm
24 1.000000 23.5 355.648 289.2572 90.000 55.042 90.000 55.042 -60.047 -90.000 -60.047 -90.000 0.5200 240.9350 warm
25 1.000000 23.5 281.177 288.0186 90.000 52.987 90.000 52.987 -57.838 -90.000 -57.838 -90.000 0.5200 239.7147 warm
26 1.000000 23.5 222.3 286.6486 90.000 50.827 90.000 50.827 -55.498 -90.000 -55.498 -90.000 0.5200 238.2319 warm
27 1.000000 23.5 175.751 285.0144 90.000 48.354 90.000 48.354 -52.850 -90.000 -52.850 -90.000 0.5200 236.2204 warm
28 1.000000 23.5 138.95 279.4951 90.000 41.753 90.000 41.753 -43.587 -90.000 -43.587 -90.000 0.5200 226.4387 warm
29 1.000000 23.5 109.854 233.6972 90.000 0.000 90.000 0.000 0.000 -90.000 0.000 -90.000 0.5200 136.1000 warm
30 1.000000 23.5 86.8511 233.0687 90.000 0.000 90.000 0.000 0.000 -90.000 0.000 -90.000 0.5200 136.1000 warm
31 1.000000 23.5 68.6649 232.4402 90.000 0.000 90.000 0.000 0.000 -90.000 0.000 -90.000 0.5200 136.1000 warm
32 1.000000 23.5 54.2868 231.8117 90.000 0.000 90.000 0.000 0.000 -90.000 0.000 -90.000 0.5200 136.1000 warm
33 1.000000 23.5 42.9193 231.1831 90.000 0.000 90.000 0.000 0.000 -90.000 0.000 -90.000 0.5200 136.1000 warm
34 1.000000 23.5 33.9322 230.5546 90.000 0.000 90.000 0.000 0.000 -90.000 0.000 -90.000 0.5200 136.1000 warm
35 1.000000 23.5 26.827 229.9261 90.000 0.000 90.000 0.000 0.000 -90.000 0.000 -90.000 0.5200 136.1000 warm
36 1.000000 23.5 21.2095 229.2976 90.000 0.000 90.000 0.000 0.000 -90.000 0.000 -90.000 0.5200 136.1000 warm
37 1.000000 23.5 16.7683 228.6691 90.000 0.000 90.000 0.000 0.000 -90.000 0.000 -90.000 0.5200 136.1000 warm
38 1.000000 23.5 13.2571 228.0406 90.000 0.000 90.000 0.000 0.000 -90.000 0.000 -90.000 0.5200 136.1000 warm
39 1.000000 23.5 10.4811 227.4121 90.000 0.000 90.000 0.000 0.000 -90.000 0.000 -90.000 0.5200 136.1000 warm
40 1.000000 23.5 8.28643 226.7836 90.000 0.000 90.000 0.000 0.000 -90.000 0.000 -90.000 0.5200 136.1000 warm
41 1.000000 23.5 6.55129 226.1551 90.000 0.000 90.000 0.000 0.000 -90.000 0.000 -90.000 0.5200 136.1000 warm
42 1.000000 23.5 5.17947 225.5265 90.000 0.000 90.000 0.000 0.000 -90.000 0.000 -90.000 0.5200 136.1000 warm
43 1.000000 23.5 4.09492 224.8980 90.000 0.000 90.000 0.000 0.000 -90.000 0.000 -90.000 0.5200 136.1000 warm
44 1.000000 23.5 3.23746 224.2695 90.000 0.000 90.000 0.000 0.000 -90.000 0.000 -90.000 0.5200 136.1000 warm
45 1.000000 23.5 2.55955 223.6410 90.000 0.000 90.000 0.000 0.000 -90.000 0.000 -90.000 0.5200 136.1000 warm
46 1.000000 23.5 2.02359 223.0125 90.000 0.000 90.000 0.000 0.000 -90.000 0.000 -90.000 0.5200 136.1000 warm
47 1.000000 23.5 1.59986 222.3840 90.000 0.000 90.000 0.000 0.000 -90.000 0.000 -90.000 0.5200 136.1000 warm
48 1.000000 23.5 1.26486 221.7555 90.000 0.000 90.000 0.000 0.000 -90.000 0.000 -90.000 0.5200 136.1000 warm
49 1.000000 23.5 1 221.1270 90.000 0.000 90.000 0.000 0.000 -90.000 0.000 -90.000 0.5200 136.1000 warm
50 1.000000 23.5 1 221.1270 90.000 0.000 90.000 0.000 0.000 -90.000 0.000 -90.000 0.5200 136.1000 cold
51 1.000000 23.5 1.26486 221.7555 90.000 0.000 90.000 0.000 0.000 -90.000 0.000 -90.000 0.5200 136.1000 cold
52 1.000000 23.5 1.59986 222.3840 90.000 0.000 90.000 0.000 0.000 -90.000 0.000 -90.000 0.5200 136.1000 cold
53 1.000000 23.5 2.02359 223.0125 90.000 0.000 90.000 0.000 0.000 -90.000 0.000 -90.000 0.5200 136.1000 cold
54 1.000000 23.5 2.55955 223.6410 90.000 0.000 90.000 0.000 0.000 -90.000 0.000 -90.000 0.5200 136.1000 cold
55 1.000000 23.5 3.23746 224.2695 90.000 0.000 90.000 0.000 0.000 -90.000 0.000 -90.000 0.5200 136.1000 cold
56 1.000000 23.5 4.09492 224.8980 90.000 0.000 90.000 0.000 0.000 -90.000 0.000 -90.000 0.5200 136.1000 cold
57 1.000000 23.5 5.17947 225.5265 90.000 0.000 90.000 0.000 0.000 -90.000 0.000 -90.000 0.5200 136.1000 cold
58 1.000000 23.5 6.55129 226.1551 90.000 0.000 90.000 0.000 0.000 -90.000 0.000 -90.000 0.5200 136.1000 cold
59 1.000000 23.5 8.28643 226.7836 90.000 0.000 90.000 0.000 0.000 -90.000 0.000 -90.000 0.5200 136.1000 cold
60 1.000000 23.5 10.4811 227.4121 90.000 0.000 90.000 0.000 0.000 -90.000 0.000 -90.000 0.5200 136.1000 cold
61 1.000000 23.5 13.2571 228.0406 90.000 0.000 90.000 0.000 0.000 -90.000 0.000 -90.000 0.5200 136.1000 cold
62 1.000000 23.5 16.7683 228.6691 90.000 0.000 90.000 0.000 0.000 -90.000 0.000 -90.000 0.5200 136.1000 cold
63 1.000000 23.5 21.2095 229.2976 90.000 0.000 90.000 0.000 0.000 -90.000 0.000 -90.000 0.5200 136.1000 cold
64 1.000000 23.5 26.827 229.9261 90.000 0.000 90.000 0.000 0.000 -90.000 0.000 -90.000 0.5200 136.1000 cold
65 1.000000 23.5 33.9322 230.5546 90.000 0.000 90.000 0.000 0.000 -90.000 0.000 -90.000 0.5200 136.1000 cold
66 1.000000 23.5 42.9193 231.1831 90.000 0.000 90.000 0.000 0.000 -90.000 0.000 -90.000 0.5200 136.1000 cold
67 1.000000 23.5 54.2868 231.8117 90.000 0.000 90.000 0.000 0.000 -90.000 0.000 -90.000 0.5200 136.1000 cold
68 1.000000 23.5 68.6649 232.4402 90.000 0.000 90.000 0.000 0.000 -90.000 0.000 -90.000 0.5200 136.1000 cold
69 1.000000 23.5 86.8511 233.0687 90.000 0.000 90.000 0.000 0.000 -90.000 0.000 -90.000 0.5200 136.1000 cold
70 1.000000 23.5 109.854 233.6972 90.000 0.000 90.000 0.000 0.000 -90.000 0.000 -90.000 0.5200 136.1000 cold
71 1.000000 23.5 138.95 234.3257 90.000 0.000 90.000 0.000 0.000 -90.000 0.000 -90.000 0.5200 136.1000 cold
72 1.000000 23.5 175.751 234.9542 90.000 0.000 90.000 0.000 0.000 -90.000 0.000 -90.000 0.5200 136.1000 cold
73 1.000000 23.5 222.3 235.5827 90.000 0.000 90.000 0.000 0.000 -90.000 0.000 -90.000 0.5200 136.1000 cold
74 1.000000 23.5 281.177 236.2112 90.000 0.000 90.000 0.000 0.000 -90.000 0.000 -90.000 0.5200 136.1000 cold
75 1.000000 23.5 355.648 236.8398 90.000 0.000 90.000 0.000 0.000 -90.000 0.000 -90.000 0.5200 136.1000 cold
76 1.000000 23.5 449.843 237.4683 90.000 0.000 90.000 0.000 0.000 -90.000 0.000 -90.000 0.5200 136.1000 cold
77 1.000000 23.5 568.987 238.0968 90.000 0.000 90.000 0.000 0.000 -90.000 0.000 -90.000 0.5200 136.1000 cold
78 1.000000 23.5 719.686 238.7253 90.000 0.000 90.000 0.000 0.000 -90.000 0.000 -90.000 0.5200 136.1000 cold
79 1.000000 23.5 910.298 239.3538 90.000 0.000 90.000 0.000 0.000 -90.000 0.000 -90.000 0.5200 136.1000 cold
80 1.000000 23.5 1151.4 239.9823 90.000 0.000 90.000 0.000 0.000 -90.000 0.000 -90.000 0.5200 136.1000 cold
81 1.000000 23.5 1456.35 240.6108 90.000 0.000 90.000 0.000 0.000 -90.000 0.000 -90.000 0.5200 136.1000 cold
82 1.000000 23.5 1842.07 241.2393 90.000 0.000 90.000 0.000 0.000 -90.000 0.000 -90.000 0.5200 136.1000 cold
83 1.000000 23.5 2329.95 241.8678 90.000 0.000 90.000 0.000 0.000 -90.000 0.000 -90.000 0.5200 136.1000 cold
84 1.000000 23.5 2947.05 242.4964 90.000 0.000 90.000 0.000 0.000 -90.000 0.000 -90.000 0.5200 136.1000 cold
85 1.000000 23.5 3727.59 243.1249 90.000 0.000 90.000 0.000 0.000 -90.000 0.000 -90.000 0.5200 136.1000 cold
86 1.000000 23.5 4714.87 243.7534 90.000 0.000 90.000 0.000 0.000 -90.000 0.000 -90.000 0.5200 136.1000 cold
87 1.000000 23.5 5963.62 244.3819 90.000 0.000 90.000 0.000 0.000 -90.000 0.000 -90.000 0.5200 136.1000 cold
88 1.000000 23.5 7543.12 245.0104 90.000 0.000 90.000 0.000 0.000 -90.000 0.000 -90.000 0.5200 136.1000 cold
89 1.000000 23.5 9540.95 245.6389 90.000 0.000 90.000 0.000 0.000 -90.000 0.000 -90.000 0.5200 136.1000 cold
90 1.000000 23.5 12067.9 246.2674 90.000 0.000 90.000 0.000 0.000 -90.000 0.000 -90.000 0.5200 136.1000 cold
91 1.000000 23.5 15264.2 246.8959 90.000 0.000 90.000 0.000 0.000 -90.000 0.000 -90.000 0.5200 136.1000 cold
92 1.000000 23.5 19307 247.5245 90.000 0.000 90.000 0.000 0.000 -90.000 0.000 -90.000 0.5200 136.1000 cold
93 1.000000 23.5 24420.5 248.1530 90.000 0.000 90.000 0.000 0.000 -90.000 0.000 -90.000 0.5200 136.1000 cold
94 1.000000 23.5 30888.4 248.7815 90.000 0.000 90.000 0.000 0.000 -90.000 0.000 -90.000 0.5200 136.1000 cold
95 1.000000 23.5 39069.4 249.4100 90.000 0.000 90.000 0.000 0.000 -90.000 0.000 -90.000 0.5200 136.1000 cold
96 1.000000 23.5 49417.1 250.0385 90.000 0.000 90.000 0.000 0.000 -90.000 0.000 -90.000 0.5200 136.1000 cold
97 1.000000 23.5 62505.5 250.6670 90.000 0.000 90.000 0.000 0.000 -90.000 0.000 -90.000 0.5200 136.1000 cold
98 1.000000 23.5 79060.4 251.2955 90.000 0.000 90.000 0.000 0.000 -90.000 0.000 -90.000 0.5200 136.1000 cold
99 1.000000 23.5 100000 251.9240 90.000 0.000 90.000 0.000 0.000 -90.000 0.000 -90.000 0.5200 136.1000 cold
