# Name of benchmark/experiment: FILLET Experiment 3 (instellation bifurcation)
# Code: AVALON (Albedo-feedback Variable Axial-tilt Latitudinal Outgoing-Net EBM)
# Describe how ice line latitude is determined: latitude where the annual-mean surface temperature crosses 0.00 C, linearly interpolated in latitude between cell centers. Land and Sea columns are identical (one temperature per band).
# Conventions: ice-free NMax=NMin=90, SMax=SMin=-90; snowball NMax=90 NMin=0 SMax=0 SMin=-90; polar cap NMax=90 NMin=edge (SMax=-edge SMin=-90); belt NMax/NMin = poleward/equatorward edges. If a cap and a belt coexist the cap is reported.
# Mode: seasonal (limit cycle; values are means over the final orbit)
# Orbital period (days): 365.0000; steps per orbit: 366 (dt = 0.9973 days; even count, so the sampled seasonal forcing is mirror-symmetric between hemispheres); grid: 90 equal-area cells in sin(lat), cell-centered, no node on the poles
# Albedo land/ocean/ice: 0.3000/0.2000/0.6000; heat capacity land/ocean/ice: 1e+07/4e+08/1e+07 J m^-2 K^-1; D = 0.5000 W m^-2 K^-1
# OLR = A + B*T - F*ln(CO2/280 ppm), T in C: A = 210.00 W m^-2, B = 2.000 W m^-2 K^-1, F = 5.35 W m^-2
# Ice: linear transition of width 1.00 K centered on 0.00 C; an ice-covered band takes the ice albedo and the ice heat capacity (from the instantaneous temperature)
# Land fraction: 0.25 uniform (FILLET Table 4); one temperature per band (land and ocean blended in albedo and heat capacity)
# Configuration: Benchmark 2 (un-tuned FILLET Table 4 parameters), obliquity 23.5
# Branches: warm = warm start (uniform 30.0 C) sweeping S0 downward; cold = cold start (uniform -50.0 C) sweeping upward. Each case starts from the final state of the previous case (continuation).
# Per-case convergence and hemispheric-symmetry diagnostics are kept with the AVALON repository (convergence.log and per-case lat files)
#
# Columns: Case = case number; Inst = instellation (S_earth = 1361 W m^-2); Obl = obliquity (deg); XCO2 = CO2 mixing ratio (ppm); Tglob = area-weighted annual mean surface temperature (K); IceLine* = ice edges (deg, see above); Diff = diffusion coefficient used (W m^-2 K^-1); OLRglob = area-weighted annual mean OLR (W m^-2); Branch = warm (warm start, decreasing sweep) or cold (cold start, increasing sweep)
# Case Inst Obl XCO2 Tglob IceLineNMaxLand IceLineNMinLand IceLineNMaxSea IceLineNMinSea IceLineSMaxLand IceLineSMinLand IceLineSMaxSea IceLineSMinSea Diff OLRglob Branch
0 1.500000 23.5 280 365.9201 90.000 90.000 90.000 90.000 -90.000 -90.000 -90.000 -90.000 0.5000 395.5401 warm
1 1.487500 23.5 280 364.2726 90.000 90.000 90.000 90.000 -90.000 -90.000 -90.000 -90.000 0.5000 392.2453 warm
2 1.475000 23.5 280 362.6246 90.000 90.000 90.000 90.000 -90.000 -90.000 -90.000 -90.000 0.5000 388.9491 warm
3 1.462500 23.5 280 360.9765 90.000 90.000 90.000 90.000 -90.000 -90.000 -90.000 -90.000 0.5000 385.6530 warm
4 1.450000 23.5 280 359.3284 90.000 90.000 90.000 90.000 -90.000 -90.000 -90.000 -90.000 0.5000 382.3568 warm
5 1.437500 23.5 280 357.6803 90.000 90.000 90.000 90.000 -90.000 -90.000 -90.000 -90.000 0.5000 379.0606 warm
6 1.425000 23.5 280 356.0322 90.000 90.000 90.000 90.000 -90.000 -90.000 -90.000 -90.000 0.5000 375.7644 warm
7 1.412500 23.5 280 354.3841 90.000 90.000 90.000 90.000 -90.000 -90.000 -90.000 -90.000 0.5000 372.4683 warm
8 1.400000 23.5 280 352.7360 90.000 90.000 90.000 90.000 -90.000 -90.000 -90.000 -90.000 0.5000 369.1721 warm
9 1.387500 23.5 280 351.0880 90.000 90.000 90.000 90.000 -90.000 -90.000 -90.000 -90.000 0.5000 365.8759 warm
10 1.375000 23.5 280 349.4399 90.000 90.000 90.000 90.000 -90.000 -90.000 -90.000 -90.000 0.5000 362.5797 warm
11 1.362500 23.5 280 347.7918 90.000 90.000 90.000 90.000 -90.000 -90.000 -90.000 -90.000 0.5000 359.2836 warm
12 1.350000 23.5 280 346.1437 90.000 90.000 90.000 90.000 -90.000 -90.000 -90.000 -90.000 0.5000 355.9874 warm
13 1.337500 23.5 280 344.4956 90.000 90.000 90.000 90.000 -90.000 -90.000 -90.000 -90.000 0.5000 352.6912 warm
14 1.325000 23.5 280 342.8475 90.000 90.000 90.000 90.000 -90.000 -90.000 -90.000 -90.000 0.5000 349.3951 warm
15 1.312500 23.5 280 341.1994 90.000 90.000 90.000 90.000 -90.000 -90.000 -90.000 -90.000 0.5000 346.0989 warm
16 1.300000 23.5 280 339.5514 90.000 90.000 90.000 90.000 -90.000 -90.000 -90.000 -90.000 0.5000 342.8027 warm
17 1.287500 23.5 280 337.9033 90.000 90.000 90.000 90.000 -90.000 -90.000 -90.000 -90.000 0.5000 339.5065 warm
18 1.275000 23.5 280 336.2552 90.000 90.000 90.000 90.000 -90.000 -90.000 -90.000 -90.000 0.5000 336.2104 warm
19 1.262500 23.5 280 334.6071 90.000 90.000 90.000 90.000 -90.000 -90.000 -90.000 -90.000 0.5000 332.9142 warm
20 1.250000 23.5 280 332.9590 90.000 90.000 90.000 90.000 -90.000 -90.000 -90.000 -90.000 0.5000 329.6180 warm
21 1.237500 23.5 280 331.3109 90.000 90.000 90.000 90.000 -90.000 -90.000 -90.000 -90.000 0.5000 326.3218 warm
22 1.225000 23.5 280 329.6628 90.000 90.000 90.000 90.000 -90.000 -90.000 -90.000 -90.000 0.5000 323.0257 warm
23 1.212500 23.5 280 328.0147 90.000 90.000 90.000 90.000 -90.000 -90.000 -90.000 -90.000 0.5000 319.7295 warm
24 1.200000 23.5 280 326.3667 90.000 90.000 90.000 90.000 -90.000 -90.000 -90.000 -90.000 0.5000 316.4333 warm
25 1.187500 23.5 280 324.7186 90.000 90.000 90.000 90.000 -90.000 -90.000 -90.000 -90.000 0.5000 313.1371 warm
26 1.175000 23.5 280 323.0705 90.000 90.000 90.000 90.000 -90.000 -90.000 -90.000 -90.000 0.5000 309.8410 warm
27 1.162500 23.5 280 321.4224 90.000 90.000 90.000 90.000 -90.000 -90.000 -90.000 -90.000 0.5000 306.5448 warm
28 1.150000 23.5 280 319.7743 90.000 90.000 90.000 90.000 -90.000 -90.000 -90.000 -90.000 0.5000 303.2486 warm
29 1.137500 23.5 280 318.1262 90.000 90.000 90.000 90.000 -90.000 -90.000 -90.000 -90.000 0.5000 299.9525 warm
30 1.125000 23.5 280 316.4781 90.000 90.000 90.000 90.000 -90.000 -90.000 -90.000 -90.000 0.5000 296.6563 warm
31 1.112500 23.5 280 314.8301 90.000 90.000 90.000 90.000 -90.000 -90.000 -90.000 -90.000 0.5000 293.3601 warm
32 1.100000 23.5 280 313.1820 90.000 90.000 90.000 90.000 -90.000 -90.000 -90.000 -90.000 0.5000 290.0639 warm
33 1.087500 23.5 280 311.5339 90.000 90.000 90.000 90.000 -90.000 -90.000 -90.000 -90.000 0.5000 286.7678 warm
34 1.075000 23.5 280 309.8858 90.000 90.000 90.000 90.000 -90.000 -90.000 -90.000 -90.000 0.5000 283.4716 warm
35 1.062500 23.5 280 308.2377 90.000 90.000 90.000 90.000 -90.000 -90.000 -90.000 -90.000 0.5000 280.1754 warm
36 1.050000 23.5 280 306.5896 90.000 90.000 90.000 90.000 -90.000 -90.000 -90.000 -90.000 0.5000 276.8792 warm
37 1.037500 23.5 280 304.9415 90.000 90.000 90.000 90.000 -90.000 -90.000 -90.000 -90.000 0.5000 273.5831 warm
38 1.025000 23.5 280 303.2934 90.000 90.000 90.000 90.000 -90.000 -90.000 -90.000 -90.000 0.5000 270.2869 warm
39 1.012500 23.5 280 301.5051 90.000 90.000 90.000 90.000 -90.000 -90.000 -90.000 -90.000 0.5000 266.7103 warm
40 1.000000 23.5 280 299.4307 90.000 79.596 90.000 79.596 -79.596 -90.000 -79.596 -90.000 0.5000 262.5615 warm
41 0.987500 23.5 280 297.3469 90.000 72.549 90.000 72.549 -72.549 -90.000 -72.549 -90.000 0.5000 258.3938 warm
42 0.975000 23.5 280 294.9171 90.000 66.546 90.000 66.546 -66.546 -90.000 -66.546 -90.000 0.5000 253.5341 warm
43 0.962500 23.5 280 292.1303 90.000 61.075 90.000 61.075 -61.075 -90.000 -61.075 -90.000 0.5000 247.9606 warm
44 0.950000 23.5 280 284.0922 90.000 47.917 90.000 47.917 -47.917 -90.000 -47.917 -90.000 0.5000 231.8845 warm
45 0.937500 23.5 280 231.9469 90.000 0.000 90.000 0.000 0.000 -90.000 0.000 -90.000 0.5000 127.5938 warm
46 0.925000 23.5 280 231.0963 90.000 0.000 90.000 0.000 0.000 -90.000 0.000 -90.000 0.5000 125.8925 warm
47 0.912500 23.5 280 230.2456 90.000 0.000 90.000 0.000 0.000 -90.000 0.000 -90.000 0.5000 124.1913 warm
48 0.900000 23.5 280 229.3950 90.000 0.000 90.000 0.000 0.000 -90.000 0.000 -90.000 0.5000 122.4900 warm
49 0.887500 23.5 280 228.5444 90.000 0.000 90.000 0.000 0.000 -90.000 0.000 -90.000 0.5000 120.7888 warm
50 0.875000 23.5 280 227.6938 90.000 0.000 90.000 0.000 0.000 -90.000 0.000 -90.000 0.5000 119.0875 warm
51 0.862500 23.5 280 226.8431 90.000 0.000 90.000 0.000 0.000 -90.000 0.000 -90.000 0.5000 117.3863 warm
52 0.850000 23.5 280 225.9925 90.000 0.000 90.000 0.000 0.000 -90.000 0.000 -90.000 0.5000 115.6850 warm
53 0.837500 23.5 280 225.1419 90.000 0.000 90.000 0.000 0.000 -90.000 0.000 -90.000 0.5000 113.9838 warm
54 0.825000 23.5 280 224.2913 90.000 0.000 90.000 0.000 0.000 -90.000 0.000 -90.000 0.5000 112.2825 warm
55 0.812500 23.5 280 223.4406 90.000 0.000 90.000 0.000 0.000 -90.000 0.000 -90.000 0.5000 110.5813 warm
56 0.800000 23.5 280 222.5900 90.000 0.000 90.000 0.000 0.000 -90.000 0.000 -90.000 0.5000 108.8800 warm
57 0.800000 23.5 280 222.5900 90.000 0.000 90.000 0.000 0.000 -90.000 0.000 -90.000 0.5000 108.8800 cold
58 0.812500 23.5 280 223.4406 90.000 0.000 90.000 0.000 0.000 -90.000 0.000 -90.000 0.5000 110.5813 cold
59 0.825000 23.5 280 224.2913 90.000 0.000 90.000 0.000 0.000 -90.000 0.000 -90.000 0.5000 112.2825 cold
60 0.837500 23.5 280 225.1419 90.000 0.000 90.000 0.000 0.000 -90.000 0.000 -90.000 0.5000 113.9838 cold
61 0.850000 23.5 280 225.9925 90.000 0.000 90.000 0.000 0.000 -90.000 0.000 -90.000 0.5000 115.6850 cold
62 0.862500 23.5 280 226.8431 90.000 0.000 90.000 0.000 0.000 -90.000 0.000 -90.000 0.5000 117.3863 cold
63 0.875000 23.5 280 227.6938 90.000 0.000 90.000 0.000 0.000 -90.000 0.000 -90.000 0.5000 119.0875 cold
64 0.887500 23.5 280 228.5444 90.000 0.000 90.000 0.000 0.000 -90.000 0.000 -90.000 0.5000 120.7888 cold
65 0.900000 23.5 280 229.3950 90.000 0.000 90.000 0.000 0.000 -90.000 0.000 -90.000 0.5000 122.4900 cold
66 0.912500 23.5 280 230.2456 90.000 0.000 90.000 0.000 0.000 -90.000 0.000 -90.000 0.5000 124.1913 cold
67 0.925000 23.5 280 231.0963 90.000 0.000 90.000 0.000 0.000 -90.000 0.000 -90.000 0.5000 125.8925 cold
68 0.937500 23.5 280 231.9469 90.000 0.000 90.000 0.000 0.000 -90.000 0.000 -90.000 0.5000 127.5938 cold
69 0.950000 23.5 280 232.7975 90.000 0.000 90.000 0.000 0.000 -90.000 0.000 -90.000 0.5000 129.2950 cold
70 0.962500 23.5 280 233.6481 90.000 0.000 90.000 0.000 0.000 -90.000 0.000 -90.000 0.5000 130.9963 cold
71 0.975000 23.5 280 234.4988 90.000 0.000 90.000 0.000 0.000 -90.000 0.000 -90.000 0.5000 132.6975 cold
72 0.987500 23.5 280 235.3494 90.000 0.000 90.000 0.000 0.000 -90.000 0.000 -90.000 0.5000 134.3988 cold
73 1.000000 23.5 280 236.2000 90.000 0.000 90.000 0.000 0.000 -90.000 0.000 -90.000 0.5000 136.1000 cold
74 1.012500 23.5 280 237.0506 90.000 0.000 90.000 0.000 0.000 -90.000 0.000 -90.000 0.5000 137.8013 cold
75 1.025000 23.5 280 237.9013 90.000 0.000 90.000 0.000 0.000 -90.000 0.000 -90.000 0.5000 139.5025 cold
76 1.037500 23.5 280 238.7519 90.000 0.000 90.000 0.000 0.000 -90.000 0.000 -90.000 0.5000 141.2038 cold
77 1.050000 23.5 280 239.6025 90.000 0.000 90.000 0.000 0.000 -90.000 0.000 -90.000 0.5000 142.9050 cold
78 1.062500 23.5 280 240.4531 90.000 0.000 90.000 0.000 0.000 -90.000 0.000 -90.000 0.5000 144.6063 cold
79 1.075000 23.5 280 241.3038 90.000 0.000 90.000 0.000 0.000 -90.000 0.000 -90.000 0.5000 146.3076 cold
80 1.087500 23.5 280 242.1544 90.000 0.000 90.000 0.000 0.000 -90.000 0.000 -90.000 0.5000 148.0088 cold
81 1.100000 23.5 280 243.0050 90.000 0.000 90.000 0.000 0.000 -90.000 0.000 -90.000 0.5000 149.7101 cold
82 1.112500 23.5 280 243.8557 90.000 0.000 90.000 0.000 0.000 -90.000 0.000 -90.000 0.5000 151.4113 cold
83 1.125000 23.5 280 244.7063 90.000 0.000 90.000 0.000 0.000 -90.000 0.000 -90.000 0.5000 153.1126 cold
84 1.137500 23.5 280 245.5569 90.000 0.000 90.000 0.000 0.000 -90.000 0.000 -90.000 0.5000 154.8138 cold
85 1.150000 23.5 280 246.4075 90.000 0.000 90.000 0.000 0.000 -90.000 0.000 -90.000 0.5000 156.5151 cold
86 1.162500 23.5 280 247.2582 90.000 0.000 90.000 0.000 0.000 -90.000 0.000 -90.000 0.5000 158.2163 cold
87 1.175000 23.5 280 248.1088 90.000 0.000 90.000 0.000 0.000 -90.000 0.000 -90.000 0.5000 159.9176 cold
88 1.187500 23.5 280 249.4879 90.000 0.000 90.000 0.000 0.000 -90.000 0.000 -90.000 0.5000 162.6758 cold
89 1.200000 23.5 280 326.3660 90.000 90.000 90.000 90.000 -90.000 -90.000 -90.000 -90.000 0.5000 316.4319 cold
90 1.212500 23.5 280 328.0140 90.000 90.000 90.000 90.000 -90.000 -90.000 -90.000 -90.000 0.5000 319.7281 cold
91 1.225000 23.5 280 329.6621 90.000 90.000 90.000 90.000 -90.000 -90.000 -90.000 -90.000 0.5000 323.0242 cold
92 1.237500 23.5 280 331.3102 90.000 90.000 90.000 90.000 -90.000 -90.000 -90.000 -90.000 0.5000 326.3204 cold
93 1.250000 23.5 280 332.9583 90.000 90.000 90.000 90.000 -90.000 -90.000 -90.000 -90.000 0.5000 329.6166 cold
94 1.262500 23.5 280 334.6064 90.000 90.000 90.000 90.000 -90.000 -90.000 -90.000 -90.000 0.5000 332.9128 cold
95 1.275000 23.5 280 336.2545 90.000 90.000 90.000 90.000 -90.000 -90.000 -90.000 -90.000 0.5000 336.2089 cold
96 1.287500 23.5 280 337.9026 90.000 90.000 90.000 90.000 -90.000 -90.000 -90.000 -90.000 0.5000 339.5051 cold
97 1.300000 23.5 280 339.5506 90.000 90.000 90.000 90.000 -90.000 -90.000 -90.000 -90.000 0.5000 342.8013 cold
98 1.312500 23.5 280 341.1987 90.000 90.000 90.000 90.000 -90.000 -90.000 -90.000 -90.000 0.5000 346.0975 cold
99 1.325000 23.5 280 342.8468 90.000 90.000 90.000 90.000 -90.000 -90.000 -90.000 -90.000 0.5000 349.3936 cold
100 1.337500 23.5 280 344.4949 90.000 90.000 90.000 90.000 -90.000 -90.000 -90.000 -90.000 0.5000 352.6898 cold
101 1.350000 23.5 280 346.1430 90.000 90.000 90.000 90.000 -90.000 -90.000 -90.000 -90.000 0.5000 355.9860 cold
102 1.362500 23.5 280 347.7911 90.000 90.000 90.000 90.000 -90.000 -90.000 -90.000 -90.000 0.5000 359.2821 cold
103 1.375000 23.5 280 349.4392 90.000 90.000 90.000 90.000 -90.000 -90.000 -90.000 -90.000 0.5000 362.5783 cold
104 1.387500 23.5 280 351.0872 90.000 90.000 90.000 90.000 -90.000 -90.000 -90.000 -90.000 0.5000 365.8745 cold
105 1.400000 23.5 280 352.7353 90.000 90.000 90.000 90.000 -90.000 -90.000 -90.000 -90.000 0.5000 369.1707 cold
106 1.412500 23.5 280 354.3834 90.000 90.000 90.000 90.000 -90.000 -90.000 -90.000 -90.000 0.5000 372.4668 cold
107 1.425000 23.5 280 356.0315 90.000 90.000 90.000 90.000 -90.000 -90.000 -90.000 -90.000 0.5000 375.7630 cold
108 1.437500 23.5 280 357.6796 90.000 90.000 90.000 90.000 -90.000 -90.000 -90.000 -90.000 0.5000 379.0592 cold
109 1.450000 23.5 280 359.3277 90.000 90.000 90.000 90.000 -90.000 -90.000 -90.000 -90.000 0.5000 382.3554 cold
110 1.462500 23.5 280 360.9758 90.000 90.000 90.000 90.000 -90.000 -90.000 -90.000 -90.000 0.5000 385.6515 cold
111 1.475000 23.5 280 362.6239 90.000 90.000 90.000 90.000 -90.000 -90.000 -90.000 -90.000 0.5000 388.9477 cold
112 1.487500 23.5 280 364.2719 90.000 90.000 90.000 90.000 -90.000 -90.000 -90.000 -90.000 0.5000 392.2439 cold
113 1.500000 23.5 280 365.9200 90.000 90.000 90.000 90.000 -90.000 -90.000 -90.000 -90.000 0.5000 395.5400 cold
