# Name of benchmark/experiment: FILLET Experiment 3 (instellation bifurcation)
# Code: AVALON (Albedo-feedback Variable Axial-tilt Latitudinal Outgoing-Net EBM)
# Describe how ice line latitude is determined: latitude where the annual-mean surface temperature crosses 0.00 C, linearly interpolated in latitude between cell centers. Land and Sea columns are identical (one temperature per band).
# Conventions: ice-free NMax=NMin=90, SMax=SMin=-90; snowball NMax=90 NMin=0 SMax=0 SMin=-90; polar cap NMax=90 NMin=edge (SMax=-edge SMin=-90); belt NMax/NMin = poleward/equatorward edges. If a cap and a belt coexist the cap is reported.
# Mode: seasonal (limit cycle; values are means over the final orbit)
# Orbital period (days): 365.0000; steps per orbit: 365 (dt = 1.0000 days); grid: 90 equal-area cells in sin(lat), cell-centered, no node on the poles
# Albedo land/ocean/ice: 0.3000/0.2568/0.6000; heat capacity land/ocean/ice: 1e+07/2e+08/1e+07 J m^-2 K^-1; D = 0.5200 W m^-2 K^-1
# OLR = A + B*T - F*ln(CO2/280 ppm), T in C: A = 210.00 W m^-2, B = 2.000 W m^-2 K^-1, F = 5.35 W m^-2
# Ice: linear transition of width 1.00 K centered on 0.00 C; an ice-covered band takes the ice albedo and the ice heat capacity (from the instantaneous temperature)
# Land fraction: latitude-dependent Earth profile (area mean 0.299); one temperature per band (land and ocean blended in albedo and heat capacity)
# Configuration: Benchmark 1 (tuned pre-industrial Earth: D = 0.52, alpha_ocean = 0.25676, C_ocean = 2e+08, Earth-like land fraction), obliquity 23.5
# Branches: warm = warm start (uniform 30.0 C) sweeping S0 downward; cold = cold start (uniform -50.0 C) sweeping upward. Each case starts from the final state of the previous case (continuation).
# Per-case convergence and hemispheric-symmetry diagnostics are kept with the AVALON repository (convergence.log and per-case lat files)
#
# Columns: Case = case number; Inst = instellation (S_earth = 1361 W m^-2); Obl = obliquity (deg); XCO2 = CO2 mixing ratio (ppm); Tglob = area-weighted annual mean surface temperature (K); IceLine* = ice edges (deg, see above); Diff = diffusion coefficient used (W m^-2 K^-1); OLRglob = area-weighted annual mean OLR (W m^-2); Branch = warm (warm start, decreasing sweep) or cold (cold start, increasing sweep)
# Case Inst Obl XCO2 Tglob IceLineNMaxLand IceLineNMinLand IceLineNMaxSea IceLineNMinSea IceLineSMaxLand IceLineSMinLand IceLineSMaxSea IceLineSMinSea Diff OLRglob Branch
0 1.500000 23.5 280 354.5708 90.000 90.000 90.000 90.000 -90.000 -90.000 -90.000 -90.000 0.5200 372.8415 warm
1 1.487500 23.5 280 353.0174 90.000 90.000 90.000 90.000 -90.000 -90.000 -90.000 -90.000 0.5200 369.7349 warm
2 1.475000 23.5 280 351.4639 90.000 90.000 90.000 90.000 -90.000 -90.000 -90.000 -90.000 0.5200 366.6279 warm
3 1.462500 23.5 280 349.9104 90.000 90.000 90.000 90.000 -90.000 -90.000 -90.000 -90.000 0.5200 363.5209 warm
4 1.450000 23.5 280 348.3569 90.000 90.000 90.000 90.000 -90.000 -90.000 -90.000 -90.000 0.5200 360.4139 warm
5 1.437500 23.5 280 346.8034 90.000 90.000 90.000 90.000 -90.000 -90.000 -90.000 -90.000 0.5200 357.3068 warm
6 1.425000 23.5 280 345.2499 90.000 90.000 90.000 90.000 -90.000 -90.000 -90.000 -90.000 0.5200 354.1998 warm
7 1.412500 23.5 280 343.6964 90.000 90.000 90.000 90.000 -90.000 -90.000 -90.000 -90.000 0.5200 351.0928 warm
8 1.400000 23.5 280 342.1429 90.000 90.000 90.000 90.000 -90.000 -90.000 -90.000 -90.000 0.5200 347.9858 warm
9 1.387500 23.5 280 340.5894 90.000 90.000 90.000 90.000 -90.000 -90.000 -90.000 -90.000 0.5200 344.8788 warm
10 1.375000 23.5 280 339.0359 90.000 90.000 90.000 90.000 -90.000 -90.000 -90.000 -90.000 0.5200 341.7718 warm
11 1.362500 23.5 280 337.4824 90.000 90.000 90.000 90.000 -90.000 -90.000 -90.000 -90.000 0.5200 338.6648 warm
12 1.350000 23.5 280 335.9289 90.000 90.000 90.000 90.000 -90.000 -90.000 -90.000 -90.000 0.5200 335.5577 warm
13 1.337500 23.5 280 334.3754 90.000 90.000 90.000 90.000 -90.000 -90.000 -90.000 -90.000 0.5200 332.4507 warm
14 1.325000 23.5 280 332.8219 90.000 90.000 90.000 90.000 -90.000 -90.000 -90.000 -90.000 0.5200 329.3437 warm
15 1.312500 23.5 280 331.2683 90.000 90.000 90.000 90.000 -90.000 -90.000 -90.000 -90.000 0.5200 326.2367 warm
16 1.300000 23.5 280 329.7148 90.000 90.000 90.000 90.000 -90.000 -90.000 -90.000 -90.000 0.5200 323.1297 warm
17 1.287500 23.5 280 328.1613 90.000 90.000 90.000 90.000 -90.000 -90.000 -90.000 -90.000 0.5200 320.0227 warm
18 1.275000 23.5 280 326.6078 90.000 90.000 90.000 90.000 -90.000 -90.000 -90.000 -90.000 0.5200 316.9157 warm
19 1.262500 23.5 280 325.0543 90.000 90.000 90.000 90.000 -90.000 -90.000 -90.000 -90.000 0.5200 313.8086 warm
20 1.250000 23.5 280 323.5008 90.000 90.000 90.000 90.000 -90.000 -90.000 -90.000 -90.000 0.5200 310.7016 warm
21 1.237500 23.5 280 321.9473 90.000 90.000 90.000 90.000 -90.000 -90.000 -90.000 -90.000 0.5200 307.5946 warm
22 1.225000 23.5 280 320.3938 90.000 90.000 90.000 90.000 -90.000 -90.000 -90.000 -90.000 0.5200 304.4876 warm
23 1.212500 23.5 280 318.8403 90.000 90.000 90.000 90.000 -90.000 -90.000 -90.000 -90.000 0.5200 301.3806 warm
24 1.200000 23.5 280 317.2868 90.000 90.000 90.000 90.000 -90.000 -90.000 -90.000 -90.000 0.5200 298.2736 warm
25 1.187500 23.5 280 315.7333 90.000 90.000 90.000 90.000 -90.000 -90.000 -90.000 -90.000 0.5200 295.1666 warm
26 1.175000 23.5 280 314.1798 90.000 90.000 90.000 90.000 -90.000 -90.000 -90.000 -90.000 0.5200 292.0595 warm
27 1.162500 23.5 280 312.6263 90.000 90.000 90.000 90.000 -90.000 -90.000 -90.000 -90.000 0.5200 288.9525 warm
28 1.150000 23.5 280 311.0728 90.000 90.000 90.000 90.000 -90.000 -90.000 -90.000 -90.000 0.5200 285.8455 warm
29 1.137500 23.5 280 309.5192 90.000 90.000 90.000 90.000 -90.000 -90.000 -90.000 -90.000 0.5200 282.7385 warm
30 1.125000 23.5 280 307.9453 90.000 90.000 90.000 90.000 -90.000 -90.000 -90.000 -90.000 0.5200 279.5906 warm
31 1.112500 23.5 280 306.2818 90.000 90.000 90.000 90.000 -90.000 -90.000 -90.000 -90.000 0.5200 276.2636 warm
32 1.100000 23.5 280 304.5734 90.000 90.000 90.000 90.000 -90.000 -90.000 -90.000 -90.000 0.5200 272.8469 warm
33 1.087500 23.5 280 302.7756 90.000 90.000 90.000 90.000 -90.000 -90.000 -90.000 -90.000 0.5200 269.2512 warm
34 1.075000 23.5 280 300.9701 90.000 80.695 90.000 80.695 -90.000 -90.000 -90.000 -90.000 0.5200 265.6403 warm
35 1.062500 23.5 280 299.1200 90.000 74.001 90.000 74.001 -90.000 -90.000 -90.000 -90.000 0.5200 261.9399 warm
36 1.050000 23.5 280 297.1636 90.000 68.963 90.000 68.963 -76.431 -90.000 -76.431 -90.000 0.5200 258.0273 warm
37 1.037500 23.5 280 295.1515 90.000 64.876 90.000 64.876 -71.025 -90.000 -71.025 -90.000 0.5200 254.0030 warm
38 1.025000 23.5 280 292.9482 90.000 60.839 90.000 60.839 -66.440 -90.000 -66.440 -90.000 0.5200 249.5964 warm
39 1.012500 23.5 280 290.6724 90.000 57.117 90.000 57.117 -62.327 -90.000 -62.327 -90.000 0.5200 245.0448 warm
40 1.000000 23.5 280 288.0019 90.000 52.962 90.000 52.962 -57.811 -90.000 -57.811 -90.000 0.5200 239.7037 warm
41 0.987500 23.5 280 284.2823 90.000 47.224 90.000 47.224 -52.184 -90.000 -52.184 -90.000 0.5200 232.2646 warm
42 0.975000 23.5 280 234.4988 90.000 0.000 90.000 0.000 0.000 -90.000 0.000 -90.000 0.5200 132.6975 warm
43 0.962500 23.5 280 233.6481 90.000 0.000 90.000 0.000 0.000 -90.000 0.000 -90.000 0.5200 130.9963 warm
44 0.950000 23.5 280 232.7975 90.000 0.000 90.000 0.000 0.000 -90.000 0.000 -90.000 0.5200 129.2950 warm
45 0.937500 23.5 280 231.9469 90.000 0.000 90.000 0.000 0.000 -90.000 0.000 -90.000 0.5200 127.5938 warm
46 0.925000 23.5 280 231.0963 90.000 0.000 90.000 0.000 0.000 -90.000 0.000 -90.000 0.5200 125.8925 warm
47 0.912500 23.5 280 230.2456 90.000 0.000 90.000 0.000 0.000 -90.000 0.000 -90.000 0.5200 124.1913 warm
48 0.900000 23.5 280 229.3950 90.000 0.000 90.000 0.000 0.000 -90.000 0.000 -90.000 0.5200 122.4900 warm
49 0.887500 23.5 280 228.5444 90.000 0.000 90.000 0.000 0.000 -90.000 0.000 -90.000 0.5200 120.7888 warm
50 0.875000 23.5 280 227.6938 90.000 0.000 90.000 0.000 0.000 -90.000 0.000 -90.000 0.5200 119.0875 warm
51 0.862500 23.5 280 226.8431 90.000 0.000 90.000 0.000 0.000 -90.000 0.000 -90.000 0.5200 117.3863 warm
52 0.850000 23.5 280 225.9925 90.000 0.000 90.000 0.000 0.000 -90.000 0.000 -90.000 0.5200 115.6850 warm
53 0.837500 23.5 280 225.1419 90.000 0.000 90.000 0.000 0.000 -90.000 0.000 -90.000 0.5200 113.9838 warm
54 0.825000 23.5 280 224.2913 90.000 0.000 90.000 0.000 0.000 -90.000 0.000 -90.000 0.5200 112.2825 warm
55 0.812500 23.5 280 223.4406 90.000 0.000 90.000 0.000 0.000 -90.000 0.000 -90.000 0.5200 110.5813 warm
56 0.800000 23.5 280 222.5900 90.000 0.000 90.000 0.000 0.000 -90.000 0.000 -90.000 0.5200 108.8800 warm
57 0.800000 23.5 280 222.5900 90.000 0.000 90.000 0.000 0.000 -90.000 0.000 -90.000 0.5200 108.8800 cold
58 0.812500 23.5 280 223.4406 90.000 0.000 90.000 0.000 0.000 -90.000 0.000 -90.000 0.5200 110.5813 cold
59 0.825000 23.5 280 224.2913 90.000 0.000 90.000 0.000 0.000 -90.000 0.000 -90.000 0.5200 112.2825 cold
60 0.837500 23.5 280 225.1419 90.000 0.000 90.000 0.000 0.000 -90.000 0.000 -90.000 0.5200 113.9838 cold
61 0.850000 23.5 280 225.9925 90.000 0.000 90.000 0.000 0.000 -90.000 0.000 -90.000 0.5200 115.6850 cold
62 0.862500 23.5 280 226.8431 90.000 0.000 90.000 0.000 0.000 -90.000 0.000 -90.000 0.5200 117.3863 cold
63 0.875000 23.5 280 227.6938 90.000 0.000 90.000 0.000 0.000 -90.000 0.000 -90.000 0.5200 119.0875 cold
64 0.887500 23.5 280 228.5444 90.000 0.000 90.000 0.000 0.000 -90.000 0.000 -90.000 0.5200 120.7888 cold
65 0.900000 23.5 280 229.3950 90.000 0.000 90.000 0.000 0.000 -90.000 0.000 -90.000 0.5200 122.4900 cold
66 0.912500 23.5 280 230.2456 90.000 0.000 90.000 0.000 0.000 -90.000 0.000 -90.000 0.5200 124.1913 cold
67 0.925000 23.5 280 231.0963 90.000 0.000 90.000 0.000 0.000 -90.000 0.000 -90.000 0.5200 125.8925 cold
68 0.937500 23.5 280 231.9469 90.000 0.000 90.000 0.000 0.000 -90.000 0.000 -90.000 0.5200 127.5938 cold
69 0.950000 23.5 280 232.7975 90.000 0.000 90.000 0.000 0.000 -90.000 0.000 -90.000 0.5200 129.2950 cold
70 0.962500 23.5 280 233.6481 90.000 0.000 90.000 0.000 0.000 -90.000 0.000 -90.000 0.5200 130.9963 cold
71 0.975000 23.5 280 234.4988 90.000 0.000 90.000 0.000 0.000 -90.000 0.000 -90.000 0.5200 132.6975 cold
72 0.987500 23.5 280 235.3494 90.000 0.000 90.000 0.000 0.000 -90.000 0.000 -90.000 0.5200 134.3988 cold
73 1.000000 23.5 280 236.2000 90.000 0.000 90.000 0.000 0.000 -90.000 0.000 -90.000 0.5200 136.1000 cold
74 1.012500 23.5 280 237.0506 90.000 0.000 90.000 0.000 0.000 -90.000 0.000 -90.000 0.5200 137.8013 cold
75 1.025000 23.5 280 237.9013 90.000 0.000 90.000 0.000 0.000 -90.000 0.000 -90.000 0.5200 139.5025 cold
76 1.037500 23.5 280 238.7519 90.000 0.000 90.000 0.000 0.000 -90.000 0.000 -90.000 0.5200 141.2038 cold
77 1.050000 23.5 280 239.6025 90.000 0.000 90.000 0.000 0.000 -90.000 0.000 -90.000 0.5200 142.9051 cold
78 1.062500 23.5 280 240.4532 90.000 0.000 90.000 0.000 0.000 -90.000 0.000 -90.000 0.5200 144.6063 cold
79 1.075000 23.5 280 241.3038 90.000 0.000 90.000 0.000 0.000 -90.000 0.000 -90.000 0.5200 146.3076 cold
80 1.087500 23.5 280 242.1544 90.000 0.000 90.000 0.000 0.000 -90.000 0.000 -90.000 0.5200 148.0088 cold
81 1.100000 23.5 280 243.0050 90.000 0.000 90.000 0.000 0.000 -90.000 0.000 -90.000 0.5200 149.7101 cold
82 1.112500 23.5 280 243.8557 90.000 0.000 90.000 0.000 0.000 -90.000 0.000 -90.000 0.5200 151.4113 cold
83 1.125000 23.5 280 244.7063 90.000 0.000 90.000 0.000 0.000 -90.000 0.000 -90.000 0.5200 153.1126 cold
84 1.137500 23.5 280 245.5569 90.000 0.000 90.000 0.000 0.000 -90.000 0.000 -90.000 0.5200 154.8138 cold
85 1.150000 23.5 280 246.4075 90.000 0.000 90.000 0.000 0.000 -90.000 0.000 -90.000 0.5200 156.5151 cold
86 1.162500 23.5 280 247.2582 90.000 0.000 90.000 0.000 0.000 -90.000 0.000 -90.000 0.5200 158.2163 cold
87 1.175000 23.5 280 248.1088 90.000 0.000 90.000 0.000 0.000 -90.000 0.000 -90.000 0.5200 159.9176 cold
88 1.187500 23.5 280 249.9124 90.000 0.000 90.000 0.000 0.000 -90.000 0.000 -90.000 0.5200 163.5249 cold
89 1.200000 23.5 280 317.2866 90.000 90.000 90.000 90.000 -90.000 -90.000 -90.000 -90.000 0.5200 298.2732 cold
90 1.212500 23.5 280 318.8401 90.000 90.000 90.000 90.000 -90.000 -90.000 -90.000 -90.000 0.5200 301.3802 cold
91 1.225000 23.5 280 320.3936 90.000 90.000 90.000 90.000 -90.000 -90.000 -90.000 -90.000 0.5200 304.4872 cold
92 1.237500 23.5 280 321.9471 90.000 90.000 90.000 90.000 -90.000 -90.000 -90.000 -90.000 0.5200 307.5942 cold
93 1.250000 23.5 280 323.5006 90.000 90.000 90.000 90.000 -90.000 -90.000 -90.000 -90.000 0.5200 310.7012 cold
94 1.262500 23.5 280 325.0541 90.000 90.000 90.000 90.000 -90.000 -90.000 -90.000 -90.000 0.5200 313.8082 cold
95 1.275000 23.5 280 326.6076 90.000 90.000 90.000 90.000 -90.000 -90.000 -90.000 -90.000 0.5200 316.9152 cold
96 1.287500 23.5 280 328.1611 90.000 90.000 90.000 90.000 -90.000 -90.000 -90.000 -90.000 0.5200 320.0223 cold
97 1.300000 23.5 280 329.7146 90.000 90.000 90.000 90.000 -90.000 -90.000 -90.000 -90.000 0.5200 323.1293 cold
98 1.312500 23.5 280 331.2681 90.000 90.000 90.000 90.000 -90.000 -90.000 -90.000 -90.000 0.5200 326.2363 cold
99 1.325000 23.5 280 332.8216 90.000 90.000 90.000 90.000 -90.000 -90.000 -90.000 -90.000 0.5200 329.3433 cold
100 1.337500 23.5 280 334.3752 90.000 90.000 90.000 90.000 -90.000 -90.000 -90.000 -90.000 0.5200 332.4503 cold
101 1.350000 23.5 280 335.9287 90.000 90.000 90.000 90.000 -90.000 -90.000 -90.000 -90.000 0.5200 335.5573 cold
102 1.362500 23.5 280 337.4822 90.000 90.000 90.000 90.000 -90.000 -90.000 -90.000 -90.000 0.5200 338.6643 cold
103 1.375000 23.5 280 339.0357 90.000 90.000 90.000 90.000 -90.000 -90.000 -90.000 -90.000 0.5200 341.7714 cold
104 1.387500 23.5 280 340.5892 90.000 90.000 90.000 90.000 -90.000 -90.000 -90.000 -90.000 0.5200 344.8784 cold
105 1.400000 23.5 280 342.1427 90.000 90.000 90.000 90.000 -90.000 -90.000 -90.000 -90.000 0.5200 347.9854 cold
106 1.412500 23.5 280 343.6962 90.000 90.000 90.000 90.000 -90.000 -90.000 -90.000 -90.000 0.5200 351.0924 cold
107 1.425000 23.5 280 345.2497 90.000 90.000 90.000 90.000 -90.000 -90.000 -90.000 -90.000 0.5200 354.1994 cold
108 1.437500 23.5 280 346.8032 90.000 90.000 90.000 90.000 -90.000 -90.000 -90.000 -90.000 0.5200 357.3064 cold
109 1.450000 23.5 280 348.3567 90.000 90.000 90.000 90.000 -90.000 -90.000 -90.000 -90.000 0.5200 360.4134 cold
110 1.462500 23.5 280 349.9102 90.000 90.000 90.000 90.000 -90.000 -90.000 -90.000 -90.000 0.5200 363.5205 cold
111 1.475000 23.5 280 351.4637 90.000 90.000 90.000 90.000 -90.000 -90.000 -90.000 -90.000 0.5200 366.6275 cold
112 1.487500 23.5 280 353.0172 90.000 90.000 90.000 90.000 -90.000 -90.000 -90.000 -90.000 0.5200 369.7345 cold
113 1.500000 23.5 280 354.5707 90.000 90.000 90.000 90.000 -90.000 -90.000 -90.000 -90.000 0.5200 372.8415 cold
