# Name of benchmark/experiment: FILLET Experiment 3 (instellation bifurcation)
# Code: AVALON (Albedo-feedback Variable Axial-tilt Latitudinal Outgoing-Net EBM)
# Describe how ice line latitude is determined: latitude where the annual-mean surface temperature crosses 0.00 C, linearly interpolated in latitude between cell centers. Land and Sea columns are identical (one temperature per band).
# Conventions: ice-free NMax=NMin=90, SMax=SMin=-90; snowball NMax=90 NMin=0 SMax=0 SMin=-90; polar cap NMax=90 NMin=edge (SMax=-edge SMin=-90); belt NMax/NMin = poleward/equatorward edges. If a cap and a belt coexist the cap is reported.
# Mode: seasonal (limit cycle; values are means over the final orbit)
# Orbital period (days): 365.0000; steps per orbit: 365 (dt = 1.0000 days); grid: 90 equal-area cells in sin(lat), cell-centered, no node on the poles
# Albedo land/ocean/ice: 0.3000/0.2000/0.6000; heat capacity land/ocean/ice: 1e+07/4e+08/1e+07 J m^-2 K^-1; D = 0.5000 W m^-2 K^-1
# OLR = A + B*T - F*ln(CO2/280 ppm), T in C: A = 210.00 W m^-2, B = 2.000 W m^-2 K^-1, F = 5.35 W m^-2
# Ice: linear transition of width 1.00 K centered on 0.00 C; an ice-covered band takes the ice albedo and the ice heat capacity (from the instantaneous temperature)
# Land fraction: 0.25 uniform (FILLET Table 4); one temperature per band (land and ocean blended in albedo and heat capacity)
# Configuration: Benchmark 2 (un-tuned FILLET Table 4 parameters), obliquity 23.5
# Branches: warm = warm start (uniform 30.0 C) sweeping S0 downward; cold = cold start (uniform -50.0 C) sweeping upward. Each case starts from the final state of the previous case (continuation).
# Per-case convergence and hemispheric-symmetry diagnostics are kept with the AVALON repository (convergence.log and per-case lat files)
#
# Columns: Case = case number; Inst = instellation (S_earth = 1361 W m^-2); Obl = obliquity (deg); XCO2 = CO2 mixing ratio (ppm); Tglob = area-weighted annual mean surface temperature (K); IceLine* = ice edges (deg, see above); Diff = diffusion coefficient used (W m^-2 K^-1); OLRglob = area-weighted annual mean OLR (W m^-2)
# This file: warm-start branch (uniform 30.0 C initial state), continuation sweep with the varied parameter decreasing
# Case Inst Obl XCO2 Tglob IceLineNMaxLand IceLineNMinLand IceLineNMaxSea IceLineNMinSea IceLineSMaxLand IceLineSMinLand IceLineSMaxSea IceLineSMinSea Diff OLRglob
0 1.500000 23.5 280 365.9201 90.000 90.000 90.000 90.000 -90.000 -90.000 -90.000 -90.000 0.5000 395.5401
1 1.487500 23.5 280 364.2727 90.000 90.000 90.000 90.000 -90.000 -90.000 -90.000 -90.000 0.5000 392.2453
2 1.475000 23.5 280 362.6246 90.000 90.000 90.000 90.000 -90.000 -90.000 -90.000 -90.000 0.5000 388.9491
3 1.462500 23.5 280 360.9765 90.000 90.000 90.000 90.000 -90.000 -90.000 -90.000 -90.000 0.5000 385.6530
4 1.450000 23.5 280 359.3284 90.000 90.000 90.000 90.000 -90.000 -90.000 -90.000 -90.000 0.5000 382.3568
5 1.437500 23.5 280 357.6803 90.000 90.000 90.000 90.000 -90.000 -90.000 -90.000 -90.000 0.5000 379.0606
6 1.425000 23.5 280 356.0322 90.000 90.000 90.000 90.000 -90.000 -90.000 -90.000 -90.000 0.5000 375.7644
7 1.412500 23.5 280 354.3841 90.000 90.000 90.000 90.000 -90.000 -90.000 -90.000 -90.000 0.5000 372.4683
8 1.400000 23.5 280 352.7360 90.000 90.000 90.000 90.000 -90.000 -90.000 -90.000 -90.000 0.5000 369.1721
9 1.387500 23.5 280 351.0880 90.000 90.000 90.000 90.000 -90.000 -90.000 -90.000 -90.000 0.5000 365.8759
10 1.375000 23.5 280 349.4399 90.000 90.000 90.000 90.000 -90.000 -90.000 -90.000 -90.000 0.5000 362.5797
11 1.362500 23.5 280 347.7918 90.000 90.000 90.000 90.000 -90.000 -90.000 -90.000 -90.000 0.5000 359.2836
12 1.350000 23.5 280 346.1437 90.000 90.000 90.000 90.000 -90.000 -90.000 -90.000 -90.000 0.5000 355.9874
13 1.337500 23.5 280 344.4956 90.000 90.000 90.000 90.000 -90.000 -90.000 -90.000 -90.000 0.5000 352.6912
14 1.325000 23.5 280 342.8475 90.000 90.000 90.000 90.000 -90.000 -90.000 -90.000 -90.000 0.5000 349.3951
15 1.312500 23.5 280 341.1994 90.000 90.000 90.000 90.000 -90.000 -90.000 -90.000 -90.000 0.5000 346.0989
16 1.300000 23.5 280 339.5514 90.000 90.000 90.000 90.000 -90.000 -90.000 -90.000 -90.000 0.5000 342.8027
17 1.287500 23.5 280 337.9033 90.000 90.000 90.000 90.000 -90.000 -90.000 -90.000 -90.000 0.5000 339.5065
18 1.275000 23.5 280 336.2552 90.000 90.000 90.000 90.000 -90.000 -90.000 -90.000 -90.000 0.5000 336.2104
19 1.262500 23.5 280 334.6071 90.000 90.000 90.000 90.000 -90.000 -90.000 -90.000 -90.000 0.5000 332.9142
20 1.250000 23.5 280 332.9590 90.000 90.000 90.000 90.000 -90.000 -90.000 -90.000 -90.000 0.5000 329.6180
21 1.237500 23.5 280 331.3109 90.000 90.000 90.000 90.000 -90.000 -90.000 -90.000 -90.000 0.5000 326.3218
22 1.225000 23.5 280 329.6628 90.000 90.000 90.000 90.000 -90.000 -90.000 -90.000 -90.000 0.5000 323.0257
23 1.212500 23.5 280 328.0147 90.000 90.000 90.000 90.000 -90.000 -90.000 -90.000 -90.000 0.5000 319.7295
24 1.200000 23.5 280 326.3667 90.000 90.000 90.000 90.000 -90.000 -90.000 -90.000 -90.000 0.5000 316.4333
25 1.187500 23.5 280 324.7186 90.000 90.000 90.000 90.000 -90.000 -90.000 -90.000 -90.000 0.5000 313.1372
26 1.175000 23.5 280 323.0705 90.000 90.000 90.000 90.000 -90.000 -90.000 -90.000 -90.000 0.5000 309.8410
27 1.162500 23.5 280 321.4224 90.000 90.000 90.000 90.000 -90.000 -90.000 -90.000 -90.000 0.5000 306.5448
28 1.150000 23.5 280 319.7743 90.000 90.000 90.000 90.000 -90.000 -90.000 -90.000 -90.000 0.5000 303.2486
29 1.137500 23.5 280 318.1262 90.000 90.000 90.000 90.000 -90.000 -90.000 -90.000 -90.000 0.5000 299.9525
30 1.125000 23.5 280 316.4781 90.000 90.000 90.000 90.000 -90.000 -90.000 -90.000 -90.000 0.5000 296.6563
31 1.112500 23.5 280 314.8301 90.000 90.000 90.000 90.000 -90.000 -90.000 -90.000 -90.000 0.5000 293.3601
32 1.100000 23.5 280 313.1820 90.000 90.000 90.000 90.000 -90.000 -90.000 -90.000 -90.000 0.5000 290.0639
33 1.087500 23.5 280 311.5339 90.000 90.000 90.000 90.000 -90.000 -90.000 -90.000 -90.000 0.5000 286.7678
34 1.075000 23.5 280 309.8858 90.000 90.000 90.000 90.000 -90.000 -90.000 -90.000 -90.000 0.5000 283.4716
35 1.062500 23.5 280 308.2377 90.000 90.000 90.000 90.000 -90.000 -90.000 -90.000 -90.000 0.5000 280.1754
36 1.050000 23.5 280 306.5896 90.000 90.000 90.000 90.000 -90.000 -90.000 -90.000 -90.000 0.5000 276.8792
37 1.037500 23.5 280 304.9415 90.000 90.000 90.000 90.000 -90.000 -90.000 -90.000 -90.000 0.5000 273.5831
38 1.025000 23.5 280 303.2935 90.000 90.000 90.000 90.000 -90.000 -90.000 -90.000 -90.000 0.5000 270.2869
39 1.012500 23.5 280 301.5062 90.000 90.000 90.000 90.000 -90.000 -90.000 -90.000 -90.000 0.5000 266.7123
40 1.000000 23.5 280 299.4307 90.000 79.591 90.000 79.591 -79.602 -90.000 -79.602 -90.000 0.5000 262.5615
41 0.987500 23.5 280 297.3457 90.000 72.558 90.000 72.558 -72.527 -90.000 -72.527 -90.000 0.5000 258.3915
42 0.975000 23.5 280 294.9159 90.000 66.540 90.000 66.540 -66.542 -90.000 -66.542 -90.000 0.5000 253.5317
43 0.962500 23.5 280 292.1275 90.000 61.061 90.000 61.061 -61.074 -90.000 -61.074 -90.000 0.5000 247.9549
44 0.950000 23.5 280 284.0915 90.000 47.919 90.000 47.919 -47.912 -90.000 -47.912 -90.000 0.5000 231.8831
45 0.937500 23.5 280 231.9469 90.000 0.000 90.000 0.000 0.000 -90.000 0.000 -90.000 0.5000 127.5938
46 0.925000 23.5 280 231.0963 90.000 0.000 90.000 0.000 0.000 -90.000 0.000 -90.000 0.5000 125.8925
47 0.912500 23.5 280 230.2456 90.000 0.000 90.000 0.000 0.000 -90.000 0.000 -90.000 0.5000 124.1913
48 0.900000 23.5 280 229.3950 90.000 0.000 90.000 0.000 0.000 -90.000 0.000 -90.000 0.5000 122.4900
49 0.887500 23.5 280 228.5444 90.000 0.000 90.000 0.000 0.000 -90.000 0.000 -90.000 0.5000 120.7888
50 0.875000 23.5 280 227.6938 90.000 0.000 90.000 0.000 0.000 -90.000 0.000 -90.000 0.5000 119.0875
51 0.862500 23.5 280 226.8431 90.000 0.000 90.000 0.000 0.000 -90.000 0.000 -90.000 0.5000 117.3863
52 0.850000 23.5 280 225.9925 90.000 0.000 90.000 0.000 0.000 -90.000 0.000 -90.000 0.5000 115.6850
53 0.837500 23.5 280 225.1419 90.000 0.000 90.000 0.000 0.000 -90.000 0.000 -90.000 0.5000 113.9838
54 0.825000 23.5 280 224.2913 90.000 0.000 90.000 0.000 0.000 -90.000 0.000 -90.000 0.5000 112.2825
55 0.812500 23.5 280 223.4406 90.000 0.000 90.000 0.000 0.000 -90.000 0.000 -90.000 0.5000 110.5813
56 0.800000 23.5 280 222.5900 90.000 0.000 90.000 0.000 0.000 -90.000 0.000 -90.000 0.5000 108.8800
