# Name of benchmark/experiment: FILLET Experiment 2 (cold start)
# Code: AVALON (Albedo-feedback Variable Axial-tilt Latitudinal Outgoing-Net EBM)
# Describe how ice line latitude is determined: latitude where the annual-mean surface temperature crosses 0.00 C, linearly interpolated in latitude between cell centers. Land and Sea columns are identical (one temperature per band).
# Conventions: ice-free NMax=NMin=90, SMax=SMin=-90; snowball NMax=90 NMin=0 SMax=0 SMin=-90; polar cap NMax=90 NMin=edge (SMax=-edge SMin=-90); belt NMax/NMin = poleward/equatorward edges. If a cap and a belt coexist the cap is reported.
# Mode: seasonal (limit cycle; values are means over the final orbit)
# Orbital period (days): 365.0000; steps per orbit: 365 (dt = 1.0000 days); grid: 90 equal-area cells in sin(lat), cell-centered, no node on the poles
# Albedo land/ocean/ice: 0.3000/0.2000/0.6000; heat capacity land/ocean/ice: 1e+07/4e+08/1e+07 J m^-2 K^-1; D = 0.5000 W m^-2 K^-1
# OLR = A + B*T - F*ln(CO2/280 ppm), T in C: A = 210.00 W m^-2, B = 2.000 W m^-2 K^-1, F = 5.35 W m^-2
# Ice: linear transition of width 1.00 K centered on 0.00 C; an ice-covered band takes the ice albedo and the ice heat capacity (from the instantaneous temperature)
# Land fraction: 0.25 uniform (FILLET Table 4); one temperature per band (land and ocean blended in albedo and heat capacity)
# Initial state: uniform -50.0 C at all latitudes (cold start), integration starts at northern spring equinox
# Case order: instellation outermost, obliquity innermost
# Orbital period: 365.00 days for every case
# Per-case convergence and hemispheric-symmetry diagnostics are kept with the AVALON repository (convergence.log and per-case lat files)
#
# Columns: Case = case number; Inst = instellation (S_earth = 1361 W m^-2); Obl = obliquity (deg); XCO2 = CO2 mixing ratio (ppm); Tglob = area-weighted annual mean surface temperature (K); IceLine* = ice edges (deg, see above); Diff = diffusion coefficient used (W m^-2 K^-1); OLRglob = area-weighted annual mean OLR (W m^-2)
# Case Inst Obl XCO2 Tglob IceLineNMaxLand IceLineNMinLand IceLineNMaxSea IceLineNMinSea IceLineSMaxLand IceLineSMinLand IceLineSMaxSea IceLineSMinSea Diff OLRglob
0 1.050000 0.0 280 239.6036 90.000 0.000 90.000 0.000 0.000 -90.000 0.000 -90.000 0.5000 142.9073
1 1.050000 10.0 280 239.6026 90.000 0.000 90.000 0.000 0.000 -90.000 0.000 -90.000 0.5000 142.9052
2 1.050000 20.0 280 239.6025 90.000 0.000 90.000 0.000 0.000 -90.000 0.000 -90.000 0.5000 142.9051
3 1.050000 30.0 280 240.0319 90.000 0.000 90.000 0.000 0.000 -90.000 0.000 -90.000 0.5000 143.7637
4 1.050000 40.0 280 247.9687 90.000 0.000 90.000 0.000 0.000 -90.000 0.000 -90.000 0.5000 159.6374
5 1.050000 50.0 280 254.6540 90.000 0.000 90.000 0.000 0.000 -90.000 0.000 -90.000 0.5000 173.0080
6 1.050000 60.0 280 263.6750 48.673 0.000 48.673 0.000 0.000 -48.706 0.000 -48.706 0.5000 191.0500
7 1.050000 70.0 280 306.5888 90.000 90.000 90.000 90.000 -90.000 -90.000 -90.000 -90.000 0.5000 276.8777
8 1.050000 80.0 280 306.5889 90.000 90.000 90.000 90.000 -90.000 -90.000 -90.000 -90.000 0.5000 276.8777
9 1.050000 90.0 280 306.5888 90.000 90.000 90.000 90.000 -90.000 -90.000 -90.000 -90.000 0.5000 276.8777
10 1.075000 0.0 280 241.3049 90.000 0.000 90.000 0.000 0.000 -90.000 0.000 -90.000 0.5000 146.3098
11 1.075000 10.0 280 241.3038 90.000 0.000 90.000 0.000 0.000 -90.000 0.000 -90.000 0.5000 146.3077
12 1.075000 20.0 280 241.3038 90.000 0.000 90.000 0.000 0.000 -90.000 0.000 -90.000 0.5000 146.3076
13 1.075000 30.0 280 242.7747 90.000 0.000 90.000 0.000 0.000 -90.000 0.000 -90.000 0.5000 149.2494
14 1.075000 40.0 280 252.1321 90.000 0.000 90.000 0.000 0.000 -90.000 0.000 -90.000 0.5000 167.9642
15 1.075000 50.0 280 259.3898 76.121 0.000 76.121 0.000 0.000 -74.829 0.000 -74.829 0.5000 182.4796
16 1.075000 60.0 280 309.8850 90.000 90.000 90.000 90.000 -90.000 -90.000 -90.000 -90.000 0.5000 283.4701
17 1.075000 70.0 280 309.8850 90.000 90.000 90.000 90.000 -90.000 -90.000 -90.000 -90.000 0.5000 283.4701
18 1.075000 80.0 280 309.8850 90.000 90.000 90.000 90.000 -90.000 -90.000 -90.000 -90.000 0.5000 283.4700
19 1.075000 90.0 280 309.8850 90.000 90.000 90.000 90.000 -90.000 -90.000 -90.000 -90.000 0.5000 283.4700
20 1.100000 0.0 280 243.0062 90.000 0.000 90.000 0.000 0.000 -90.000 0.000 -90.000 0.5000 149.7124
21 1.100000 10.0 280 243.0051 90.000 0.000 90.000 0.000 0.000 -90.000 0.000 -90.000 0.5000 149.7102
22 1.100000 20.0 280 243.0050 90.000 0.000 90.000 0.000 0.000 -90.000 0.000 -90.000 0.5000 149.7101
23 1.100000 30.0 280 246.2699 90.000 0.000 90.000 0.000 0.000 -90.000 0.000 -90.000 0.5000 156.2397
24 1.100000 40.0 280 257.0023 90.000 0.000 90.000 0.000 0.000 -90.000 0.000 -90.000 0.5000 177.7046
25 1.100000 50.0 280 313.1812 90.000 90.000 90.000 90.000 -90.000 -90.000 -90.000 -90.000 0.5000 290.0624
26 1.100000 60.0 280 313.1812 90.000 90.000 90.000 90.000 -90.000 -90.000 -90.000 -90.000 0.5000 290.0624
27 1.100000 70.0 280 313.1812 90.000 90.000 90.000 90.000 -90.000 -90.000 -90.000 -90.000 0.5000 290.0623
28 1.100000 80.0 280 313.1812 90.000 90.000 90.000 90.000 -90.000 -90.000 -90.000 -90.000 0.5000 290.0624
29 1.100000 90.0 280 313.1812 90.000 90.000 90.000 90.000 -90.000 -90.000 -90.000 -90.000 0.5000 290.0624
30 1.125000 0.0 280 244.7075 90.000 0.000 90.000 0.000 0.000 -90.000 0.000 -90.000 0.5000 153.1150
31 1.125000 10.0 280 244.7063 90.000 0.000 90.000 0.000 0.000 -90.000 0.000 -90.000 0.5000 153.1127
32 1.125000 20.0 280 244.7063 90.000 0.000 90.000 0.000 0.000 -90.000 0.000 -90.000 0.5000 153.1126
33 1.125000 30.0 280 250.9855 90.000 0.000 90.000 0.000 0.000 -90.000 0.000 -90.000 0.5000 165.6710
34 1.125000 40.0 280 264.4558 90.000 0.000 90.000 0.000 0.000 -90.000 0.000 -90.000 0.5000 192.6116
35 1.125000 50.0 280 316.4774 90.000 90.000 90.000 90.000 -90.000 -90.000 -90.000 -90.000 0.5000 296.6548
36 1.125000 60.0 280 316.4774 90.000 90.000 90.000 90.000 -90.000 -90.000 -90.000 -90.000 0.5000 296.6547
37 1.125000 70.0 280 316.4774 90.000 90.000 90.000 90.000 -90.000 -90.000 -90.000 -90.000 0.5000 296.6547
38 1.125000 80.0 280 316.4774 90.000 90.000 90.000 90.000 -90.000 -90.000 -90.000 -90.000 0.5000 296.6548
39 1.125000 90.0 280 316.4774 90.000 90.000 90.000 90.000 -90.000 -90.000 -90.000 -90.000 0.5000 296.6548
40 1.150000 0.0 280 246.4088 90.000 0.000 90.000 0.000 0.000 -90.000 0.000 -90.000 0.5000 156.5175
41 1.150000 10.0 280 246.4076 90.000 0.000 90.000 0.000 0.000 -90.000 0.000 -90.000 0.5000 156.5152
42 1.150000 20.0 280 246.4075 90.000 0.000 90.000 0.000 0.000 -90.000 0.000 -90.000 0.5000 156.5151
43 1.150000 30.0 280 258.6522 90.000 0.000 90.000 0.000 0.000 -90.000 0.000 -90.000 0.5000 181.0044
44 1.150000 40.0 280 319.7735 90.000 90.000 90.000 90.000 -90.000 -90.000 -90.000 -90.000 0.5000 303.2471
45 1.150000 50.0 280 319.7735 90.000 90.000 90.000 90.000 -90.000 -90.000 -90.000 -90.000 0.5000 303.2470
46 1.150000 60.0 280 319.7735 90.000 90.000 90.000 90.000 -90.000 -90.000 -90.000 -90.000 0.5000 303.2470
47 1.150000 70.0 280 319.7735 90.000 90.000 90.000 90.000 -90.000 -90.000 -90.000 -90.000 0.5000 303.2470
48 1.150000 80.0 280 319.7735 90.000 90.000 90.000 90.000 -90.000 -90.000 -90.000 -90.000 0.5000 303.2470
49 1.150000 90.0 280 319.7735 90.000 90.000 90.000 90.000 -90.000 -90.000 -90.000 -90.000 0.5000 303.2470
50 1.175000 0.0 280 248.1100 90.000 0.000 90.000 0.000 0.000 -90.000 0.000 -90.000 0.5000 159.9201
51 1.175000 10.0 280 248.1088 90.000 0.000 90.000 0.000 0.000 -90.000 0.000 -90.000 0.5000 159.9177
52 1.175000 20.0 280 248.1088 90.000 0.000 90.000 0.000 0.000 -90.000 0.000 -90.000 0.5000 159.9176
53 1.175000 30.0 280 323.0697 90.000 90.000 90.000 90.000 -90.000 -90.000 -90.000 -90.000 0.5000 309.8395
54 1.175000 40.0 280 323.0697 90.000 90.000 90.000 90.000 -90.000 -90.000 -90.000 -90.000 0.5000 309.8394
55 1.175000 50.0 280 323.0697 90.000 90.000 90.000 90.000 -90.000 -90.000 -90.000 -90.000 0.5000 309.8394
56 1.175000 60.0 280 323.0697 90.000 90.000 90.000 90.000 -90.000 -90.000 -90.000 -90.000 0.5000 309.8394
57 1.175000 70.0 280 323.0697 90.000 90.000 90.000 90.000 -90.000 -90.000 -90.000 -90.000 0.5000 309.8394
58 1.175000 80.0 280 323.0697 90.000 90.000 90.000 90.000 -90.000 -90.000 -90.000 -90.000 0.5000 309.8394
59 1.175000 90.0 280 323.0697 90.000 90.000 90.000 90.000 -90.000 -90.000 -90.000 -90.000 0.5000 309.8394
60 1.200000 0.0 280 249.8113 90.000 0.000 90.000 0.000 0.000 -90.000 0.000 -90.000 0.5000 163.3226
61 1.200000 10.0 280 249.8101 90.000 0.000 90.000 0.000 0.000 -90.000 0.000 -90.000 0.5000 163.3202
62 1.200000 20.0 280 249.8100 90.000 0.000 90.000 0.000 0.000 -90.000 0.000 -90.000 0.5000 163.3201
63 1.200000 30.0 280 326.3659 90.000 90.000 90.000 90.000 -90.000 -90.000 -90.000 -90.000 0.5000 316.4318
64 1.200000 40.0 280 326.3659 90.000 90.000 90.000 90.000 -90.000 -90.000 -90.000 -90.000 0.5000 316.4318
65 1.200000 50.0 280 326.3659 90.000 90.000 90.000 90.000 -90.000 -90.000 -90.000 -90.000 0.5000 316.4318
66 1.200000 60.0 280 326.3659 90.000 90.000 90.000 90.000 -90.000 -90.000 -90.000 -90.000 0.5000 316.4318
67 1.200000 70.0 280 326.3659 90.000 90.000 90.000 90.000 -90.000 -90.000 -90.000 -90.000 0.5000 316.4318
68 1.200000 80.0 280 326.3659 90.000 90.000 90.000 90.000 -90.000 -90.000 -90.000 -90.000 0.5000 316.4318
69 1.200000 90.0 280 326.3659 90.000 90.000 90.000 90.000 -90.000 -90.000 -90.000 -90.000 0.5000 316.4318
70 1.225000 0.0 280 251.5126 90.000 0.000 90.000 0.000 0.000 -90.000 0.000 -90.000 0.5000 166.7252
71 1.225000 10.0 280 251.5113 90.000 0.000 90.000 0.000 0.000 -90.000 0.000 -90.000 0.5000 166.7227
72 1.225000 20.0 280 251.5113 90.000 0.000 90.000 0.000 0.000 -90.000 0.000 -90.000 0.5000 166.7226
73 1.225000 30.0 280 329.6621 90.000 90.000 90.000 90.000 -90.000 -90.000 -90.000 -90.000 0.5000 323.0242
74 1.225000 40.0 280 329.6621 90.000 90.000 90.000 90.000 -90.000 -90.000 -90.000 -90.000 0.5000 323.0242
75 1.225000 50.0 280 329.6621 90.000 90.000 90.000 90.000 -90.000 -90.000 -90.000 -90.000 0.5000 323.0241
76 1.225000 60.0 280 329.6621 90.000 90.000 90.000 90.000 -90.000 -90.000 -90.000 -90.000 0.5000 323.0241
77 1.225000 70.0 280 329.6621 90.000 90.000 90.000 90.000 -90.000 -90.000 -90.000 -90.000 0.5000 323.0241
78 1.225000 80.0 280 329.6620 90.000 90.000 90.000 90.000 -90.000 -90.000 -90.000 -90.000 0.5000 323.0241
79 1.225000 90.0 280 329.6620 90.000 90.000 90.000 90.000 -90.000 -90.000 -90.000 -90.000 0.5000 323.0241
80 1.250000 0.0 280 253.2139 90.000 0.000 90.000 0.000 0.000 -90.000 0.000 -90.000 0.5000 170.1277
81 1.250000 10.0 280 253.2126 90.000 0.000 90.000 0.000 0.000 -90.000 0.000 -90.000 0.5000 170.1252
82 1.250000 20.0 280 253.2125 90.000 0.000 90.000 0.000 0.000 -90.000 0.000 -90.000 0.5000 170.1251
83 1.250000 30.0 280 332.9583 90.000 90.000 90.000 90.000 -90.000 -90.000 -90.000 -90.000 0.5000 329.6165
84 1.250000 40.0 280 332.9582 90.000 90.000 90.000 90.000 -90.000 -90.000 -90.000 -90.000 0.5000 329.6165
85 1.250000 50.0 280 332.9582 90.000 90.000 90.000 90.000 -90.000 -90.000 -90.000 -90.000 0.5000 329.6165
86 1.250000 60.0 280 332.9582 90.000 90.000 90.000 90.000 -90.000 -90.000 -90.000 -90.000 0.5000 329.6164
87 1.250000 70.0 280 332.9582 90.000 90.000 90.000 90.000 -90.000 -90.000 -90.000 -90.000 0.5000 329.6164
88 1.250000 80.0 280 332.9582 90.000 90.000 90.000 90.000 -90.000 -90.000 -90.000 -90.000 0.5000 329.6164
89 1.250000 90.0 280 332.9582 90.000 90.000 90.000 90.000 -90.000 -90.000 -90.000 -90.000 0.5000 329.6164
90 1.275000 0.0 280 254.9151 90.000 0.000 90.000 0.000 0.000 -90.000 0.000 -90.000 0.5000 173.5303
91 1.275000 10.0 280 254.9138 90.000 0.000 90.000 0.000 0.000 -90.000 0.000 -90.000 0.5000 173.5277
92 1.275000 20.0 280 336.2545 90.000 90.000 90.000 90.000 -90.000 -90.000 -90.000 -90.000 0.5000 336.2090
93 1.275000 30.0 280 336.2544 90.000 90.000 90.000 90.000 -90.000 -90.000 -90.000 -90.000 0.5000 336.2088
94 1.275000 40.0 280 336.2544 90.000 90.000 90.000 90.000 -90.000 -90.000 -90.000 -90.000 0.5000 336.2088
95 1.275000 50.0 280 336.2544 90.000 90.000 90.000 90.000 -90.000 -90.000 -90.000 -90.000 0.5000 336.2088
96 1.275000 60.0 280 336.2544 90.000 90.000 90.000 90.000 -90.000 -90.000 -90.000 -90.000 0.5000 336.2088
97 1.275000 70.0 280 336.2544 90.000 90.000 90.000 90.000 -90.000 -90.000 -90.000 -90.000 0.5000 336.2087
98 1.275000 80.0 280 336.2544 90.000 90.000 90.000 90.000 -90.000 -90.000 -90.000 -90.000 0.5000 336.2087
99 1.275000 90.0 280 336.2544 90.000 90.000 90.000 90.000 -90.000 -90.000 -90.000 -90.000 0.5000 336.2087
100 1.300000 0.0 280 256.6164 90.000 0.000 90.000 0.000 0.000 -90.000 0.000 -90.000 0.5000 176.9328
101 1.300000 10.0 280 256.6151 90.000 0.000 90.000 0.000 0.000 -90.000 0.000 -90.000 0.5000 176.9302
102 1.300000 20.0 280 339.5507 90.000 90.000 90.000 90.000 -90.000 -90.000 -90.000 -90.000 0.5000 342.8014
103 1.300000 30.0 280 339.5506 90.000 90.000 90.000 90.000 -90.000 -90.000 -90.000 -90.000 0.5000 342.8012
104 1.300000 40.0 280 339.5506 90.000 90.000 90.000 90.000 -90.000 -90.000 -90.000 -90.000 0.5000 342.8011
105 1.300000 50.0 280 339.5505 90.000 90.000 90.000 90.000 -90.000 -90.000 -90.000 -90.000 0.5000 342.8011
106 1.300000 60.0 280 339.5505 90.000 90.000 90.000 90.000 -90.000 -90.000 -90.000 -90.000 0.5000 342.8011
107 1.300000 70.0 280 339.5505 90.000 90.000 90.000 90.000 -90.000 -90.000 -90.000 -90.000 0.5000 342.8011
108 1.300000 80.0 280 339.5505 90.000 90.000 90.000 90.000 -90.000 -90.000 -90.000 -90.000 0.5000 342.8011
109 1.300000 90.0 280 339.5505 90.000 90.000 90.000 90.000 -90.000 -90.000 -90.000 -90.000 0.5000 342.8011
110 1.325000 0.0 280 258.3177 90.000 0.000 90.000 0.000 0.000 -90.000 0.000 -90.000 0.5000 180.3354
111 1.325000 10.0 280 258.3163 90.000 0.000 90.000 0.000 0.000 -90.000 0.000 -90.000 0.5000 180.3327
112 1.325000 20.0 280 342.8469 90.000 90.000 90.000 90.000 -90.000 -90.000 -90.000 -90.000 0.5000 349.3937
113 1.325000 30.0 280 342.8468 90.000 90.000 90.000 90.000 -90.000 -90.000 -90.000 -90.000 0.5000 349.3936
114 1.325000 40.0 280 342.8468 90.000 90.000 90.000 90.000 -90.000 -90.000 -90.000 -90.000 0.5000 349.3936
115 1.325000 50.0 280 342.8468 90.000 90.000 90.000 90.000 -90.000 -90.000 -90.000 -90.000 0.5000 349.3936
116 1.325000 60.0 280 342.8468 90.000 90.000 90.000 90.000 -90.000 -90.000 -90.000 -90.000 0.5000 349.3935
117 1.325000 70.0 280 342.8468 90.000 90.000 90.000 90.000 -90.000 -90.000 -90.000 -90.000 0.5000 349.3935
118 1.325000 80.0 280 342.8468 90.000 90.000 90.000 90.000 -90.000 -90.000 -90.000 -90.000 0.5000 349.3935
119 1.325000 90.0 280 342.8468 90.000 90.000 90.000 90.000 -90.000 -90.000 -90.000 -90.000 0.5000 349.3935
120 1.350000 0.0 280 260.0190 90.000 0.000 90.000 0.000 0.000 -90.000 0.000 -90.000 0.5000 183.7379
121 1.350000 10.0 280 346.1431 90.000 90.000 90.000 90.000 -90.000 -90.000 -90.000 -90.000 0.5000 355.9862
122 1.350000 20.0 280 346.1430 90.000 90.000 90.000 90.000 -90.000 -90.000 -90.000 -90.000 0.5000 355.9860
123 1.350000 30.0 280 346.1430 90.000 90.000 90.000 90.000 -90.000 -90.000 -90.000 -90.000 0.5000 355.9860
124 1.350000 40.0 280 346.1430 90.000 90.000 90.000 90.000 -90.000 -90.000 -90.000 -90.000 0.5000 355.9859
125 1.350000 50.0 280 346.1429 90.000 90.000 90.000 90.000 -90.000 -90.000 -90.000 -90.000 0.5000 355.9859
126 1.350000 60.0 280 346.1429 90.000 90.000 90.000 90.000 -90.000 -90.000 -90.000 -90.000 0.5000 355.9859
127 1.350000 70.0 280 346.1429 90.000 90.000 90.000 90.000 -90.000 -90.000 -90.000 -90.000 0.5000 355.9858
128 1.350000 80.0 280 346.1429 90.000 90.000 90.000 90.000 -90.000 -90.000 -90.000 -90.000 0.5000 355.9858
129 1.350000 90.0 280 346.1429 90.000 90.000 90.000 90.000 -90.000 -90.000 -90.000 -90.000 0.5000 355.9858
130 1.375000 0.0 280 349.4420 90.000 90.000 90.000 90.000 -90.000 -90.000 -90.000 -90.000 0.5000 362.5840
131 1.375000 10.0 280 349.4393 90.000 90.000 90.000 90.000 -90.000 -90.000 -90.000 -90.000 0.5000 362.5786
132 1.375000 20.0 280 349.4392 90.000 90.000 90.000 90.000 -90.000 -90.000 -90.000 -90.000 0.5000 362.5784
133 1.375000 30.0 280 349.4391 90.000 90.000 90.000 90.000 -90.000 -90.000 -90.000 -90.000 0.5000 362.5783
134 1.375000 40.0 280 349.4391 90.000 90.000 90.000 90.000 -90.000 -90.000 -90.000 -90.000 0.5000 362.5782
135 1.375000 50.0 280 349.4391 90.000 90.000 90.000 90.000 -90.000 -90.000 -90.000 -90.000 0.5000 362.5782
136 1.375000 60.0 280 349.4391 90.000 90.000 90.000 90.000 -90.000 -90.000 -90.000 -90.000 0.5000 362.5782
137 1.375000 70.0 280 349.4391 90.000 90.000 90.000 90.000 -90.000 -90.000 -90.000 -90.000 0.5000 362.5782
138 1.375000 80.0 280 349.4391 90.000 90.000 90.000 90.000 -90.000 -90.000 -90.000 -90.000 0.5000 362.5782
139 1.375000 90.0 280 349.4391 90.000 90.000 90.000 90.000 -90.000 -90.000 -90.000 -90.000 0.5000 362.5781
140 1.400000 0.0 280 352.7382 90.000 90.000 90.000 90.000 -90.000 -90.000 -90.000 -90.000 0.5000 369.1765
141 1.400000 10.0 280 352.7355 90.000 90.000 90.000 90.000 -90.000 -90.000 -90.000 -90.000 0.5000 369.1710
142 1.400000 20.0 280 352.7353 90.000 90.000 90.000 90.000 -90.000 -90.000 -90.000 -90.000 0.5000 369.1707
143 1.400000 30.0 280 352.7353 90.000 90.000 90.000 90.000 -90.000 -90.000 -90.000 -90.000 0.5000 369.1706
144 1.400000 40.0 280 352.7353 90.000 90.000 90.000 90.000 -90.000 -90.000 -90.000 -90.000 0.5000 369.1706
145 1.400000 50.0 280 352.7353 90.000 90.000 90.000 90.000 -90.000 -90.000 -90.000 -90.000 0.5000 369.1705
146 1.400000 60.0 280 352.7352 90.000 90.000 90.000 90.000 -90.000 -90.000 -90.000 -90.000 0.5000 369.1705
147 1.400000 70.0 280 352.7352 90.000 90.000 90.000 90.000 -90.000 -90.000 -90.000 -90.000 0.5000 369.1705
148 1.400000 80.0 280 352.7352 90.000 90.000 90.000 90.000 -90.000 -90.000 -90.000 -90.000 0.5000 369.1705
149 1.400000 90.0 280 352.7352 90.000 90.000 90.000 90.000 -90.000 -90.000 -90.000 -90.000 0.5000 369.1705
150 1.425000 0.0 280 356.0345 90.000 90.000 90.000 90.000 -90.000 -90.000 -90.000 -90.000 0.5000 375.7689
151 1.425000 10.0 280 356.0317 90.000 90.000 90.000 90.000 -90.000 -90.000 -90.000 -90.000 0.5000 375.7633
152 1.425000 20.0 280 356.0315 90.000 90.000 90.000 90.000 -90.000 -90.000 -90.000 -90.000 0.5000 375.7630
153 1.425000 30.0 280 356.0315 90.000 90.000 90.000 90.000 -90.000 -90.000 -90.000 -90.000 0.5000 375.7629
154 1.425000 40.0 280 356.0314 90.000 90.000 90.000 90.000 -90.000 -90.000 -90.000 -90.000 0.5000 375.7629
155 1.425000 50.0 280 356.0314 90.000 90.000 90.000 90.000 -90.000 -90.000 -90.000 -90.000 0.5000 375.7628
156 1.425000 60.0 280 356.0314 90.000 90.000 90.000 90.000 -90.000 -90.000 -90.000 -90.000 0.5000 375.7628
157 1.425000 70.0 280 356.0314 90.000 90.000 90.000 90.000 -90.000 -90.000 -90.000 -90.000 0.5000 375.7628
158 1.425000 80.0 280 356.0314 90.000 90.000 90.000 90.000 -90.000 -90.000 -90.000 -90.000 0.5000 375.7628
159 1.425000 90.0 280 356.0314 90.000 90.000 90.000 90.000 -90.000 -90.000 -90.000 -90.000 0.5000 375.7628
160 1.450000 0.0 280 359.3307 90.000 90.000 90.000 90.000 -90.000 -90.000 -90.000 -90.000 0.5000 382.3614
161 1.450000 10.0 280 359.3278 90.000 90.000 90.000 90.000 -90.000 -90.000 -90.000 -90.000 0.5000 382.3557
162 1.450000 20.0 280 359.3277 90.000 90.000 90.000 90.000 -90.000 -90.000 -90.000 -90.000 0.5000 382.3555
163 1.450000 30.0 280 359.3276 90.000 90.000 90.000 90.000 -90.000 -90.000 -90.000 -90.000 0.5000 382.3552
164 1.450000 40.0 280 359.3276 90.000 90.000 90.000 90.000 -90.000 -90.000 -90.000 -90.000 0.5000 382.3552
165 1.450000 50.0 280 359.3276 90.000 90.000 90.000 90.000 -90.000 -90.000 -90.000 -90.000 0.5000 382.3552
166 1.450000 60.0 280 359.3276 90.000 90.000 90.000 90.000 -90.000 -90.000 -90.000 -90.000 0.5000 382.3551
167 1.450000 70.0 280 359.3276 90.000 90.000 90.000 90.000 -90.000 -90.000 -90.000 -90.000 0.5000 382.3551
168 1.450000 80.0 280 359.3276 90.000 90.000 90.000 90.000 -90.000 -90.000 -90.000 -90.000 0.5000 382.3551
169 1.450000 90.0 280 359.3275 90.000 90.000 90.000 90.000 -90.000 -90.000 -90.000 -90.000 0.5000 382.3551
170 1.475000 0.0 280 362.6269 90.000 90.000 90.000 90.000 -90.000 -90.000 -90.000 -90.000 0.5000 388.9538
171 1.475000 10.0 280 362.6240 90.000 90.000 90.000 90.000 -90.000 -90.000 -90.000 -90.000 0.5000 388.9480
172 1.475000 20.0 280 362.6239 90.000 90.000 90.000 90.000 -90.000 -90.000 -90.000 -90.000 0.5000 388.9478
173 1.475000 30.0 280 362.6239 90.000 90.000 90.000 90.000 -90.000 -90.000 -90.000 -90.000 0.5000 388.9477
174 1.475000 40.0 280 362.6238 90.000 90.000 90.000 90.000 -90.000 -90.000 -90.000 -90.000 0.5000 388.9477
175 1.475000 50.0 280 362.6238 90.000 90.000 90.000 90.000 -90.000 -90.000 -90.000 -90.000 0.5000 388.9476
176 1.475000 60.0 280 362.6238 90.000 90.000 90.000 90.000 -90.000 -90.000 -90.000 -90.000 0.5000 388.9476
177 1.475000 70.0 280 362.6238 90.000 90.000 90.000 90.000 -90.000 -90.000 -90.000 -90.000 0.5000 388.9476
178 1.475000 80.0 280 362.6238 90.000 90.000 90.000 90.000 -90.000 -90.000 -90.000 -90.000 0.5000 388.9476
179 1.475000 90.0 280 362.6238 90.000 90.000 90.000 90.000 -90.000 -90.000 -90.000 -90.000 0.5000 388.9476
180 1.500000 0.0 280 365.9231 90.000 90.000 90.000 90.000 -90.000 -90.000 -90.000 -90.000 0.5000 395.5462
181 1.500000 10.0 280 365.9202 90.000 90.000 90.000 90.000 -90.000 -90.000 -90.000 -90.000 0.5000 395.5403
182 1.500000 20.0 280 365.9201 90.000 90.000 90.000 90.000 -90.000 -90.000 -90.000 -90.000 0.5000 395.5401
183 1.500000 30.0 280 365.9200 90.000 90.000 90.000 90.000 -90.000 -90.000 -90.000 -90.000 0.5000 395.5400
184 1.500000 40.0 280 365.9200 90.000 90.000 90.000 90.000 -90.000 -90.000 -90.000 -90.000 0.5000 395.5400
185 1.500000 50.0 280 365.9200 90.000 90.000 90.000 90.000 -90.000 -90.000 -90.000 -90.000 0.5000 395.5399
186 1.500000 60.0 280 365.9200 90.000 90.000 90.000 90.000 -90.000 -90.000 -90.000 -90.000 0.5000 395.5399
187 1.500000 70.0 280 365.9200 90.000 90.000 90.000 90.000 -90.000 -90.000 -90.000 -90.000 0.5000 395.5399
188 1.500000 80.0 280 365.9199 90.000 90.000 90.000 90.000 -90.000 -90.000 -90.000 -90.000 0.5000 395.5399
189 1.500000 90.0 280 365.9199 90.000 90.000 90.000 90.000 -90.000 -90.000 -90.000 -90.000 0.5000 395.5399
