# Name of benchmark/experiment: FILLET Experiment 2a (cold start, semi-major axis)
# Code: AVALON (Albedo-feedback Variable Axial-tilt Latitudinal Outgoing-Net EBM)
# Describe how ice line latitude is determined: latitude where the annual-mean surface temperature crosses 0.00 C, linearly interpolated in latitude between cell centers. Land and Sea columns are identical (one temperature per band).
# Conventions: ice-free NMax=NMin=90, SMax=SMin=-90; snowball NMax=90 NMin=0 SMax=0 SMin=-90; polar cap NMax=90 NMin=edge (SMax=-edge SMin=-90); belt NMax/NMin = poleward/equatorward edges. If a cap and a belt coexist the cap is reported.
# Mode: seasonal (limit cycle; values are means over the final orbit)
# Orbital period (days): 365.0000; steps per orbit: 365 (dt = 1.0000 days); grid: 90 equal-area cells in sin(lat), cell-centered, no node on the poles
# Albedo land/ocean/ice: 0.3000/0.2000/0.6000; heat capacity land/ocean/ice: 1e+07/4e+08/1e+07 J m^-2 K^-1; D = 0.5000 W m^-2 K^-1
# OLR = A + B*T - F*ln(CO2/280 ppm), T in C: A = 210.00 W m^-2, B = 2.000 W m^-2 K^-1, F = 5.35 W m^-2
# Ice: linear transition of width 1.00 K centered on 0.00 C; an ice-covered band takes the ice albedo and the ice heat capacity (from the instantaneous temperature)
# Land fraction: 0.25 uniform (FILLET Table 4); one temperature per band (land and ocean blended in albedo and heat capacity)
# Initial state: uniform -50.0 C at all latitudes (cold start), integration starts at northern spring equinox
# Case order: instellation outermost, obliquity innermost
# Orbital period: 365 d x a^1.5 with a = Inst^(-1/2) au (Kepler's third law); the period of each case is in its lat file header
# Per-case convergence and hemispheric-symmetry diagnostics are kept with the AVALON repository (convergence.log and per-case lat files)
#
# Columns: Case = case number; Inst = instellation (S_earth = 1361 W m^-2); Obl = obliquity (deg); XCO2 = CO2 mixing ratio (ppm); Tglob = area-weighted annual mean surface temperature (K); IceLine* = ice edges (deg, see above); Diff = diffusion coefficient used (W m^-2 K^-1); OLRglob = area-weighted annual mean OLR (W m^-2)
# Case Inst Obl XCO2 Tglob IceLineNMaxLand IceLineNMinLand IceLineNMaxSea IceLineNMinSea IceLineSMaxLand IceLineSMinLand IceLineSMaxSea IceLineSMinSea Diff OLRglob
0 1.562500 0.0 280 374.1635 90.000 90.000 90.000 90.000 -90.000 -90.000 -90.000 -90.000 0.5000 412.0271
1 1.562500 10.0 280 374.1605 90.000 90.000 90.000 90.000 -90.000 -90.000 -90.000 -90.000 0.5000 412.0209
2 1.562500 20.0 280 374.1603 90.000 90.000 90.000 90.000 -90.000 -90.000 -90.000 -90.000 0.5000 412.0205
3 1.562500 30.0 280 374.1602 90.000 90.000 90.000 90.000 -90.000 -90.000 -90.000 -90.000 0.5000 412.0204
4 1.562500 40.0 280 374.1602 90.000 90.000 90.000 90.000 -90.000 -90.000 -90.000 -90.000 0.5000 412.0204
5 1.562500 50.0 280 374.1602 90.000 90.000 90.000 90.000 -90.000 -90.000 -90.000 -90.000 0.5000 412.0203
6 1.562500 60.0 280 374.1602 90.000 90.000 90.000 90.000 -90.000 -90.000 -90.000 -90.000 0.5000 412.0203
7 1.562500 70.0 280 374.1601 90.000 90.000 90.000 90.000 -90.000 -90.000 -90.000 -90.000 0.5000 412.0203
8 1.562500 80.0 280 374.1601 90.000 90.000 90.000 90.000 -90.000 -90.000 -90.000 -90.000 0.5000 412.0203
9 1.562500 90.0 280 374.1601 90.000 90.000 90.000 90.000 -90.000 -90.000 -90.000 -90.000 0.5000 412.0203
10 1.514793 0.0 280 367.8734 90.000 90.000 90.000 90.000 -90.000 -90.000 -90.000 -90.000 0.5000 399.4468
11 1.514793 10.0 280 367.8704 90.000 90.000 90.000 90.000 -90.000 -90.000 -90.000 -90.000 0.5000 399.4409
12 1.514793 20.0 280 367.8703 90.000 90.000 90.000 90.000 -90.000 -90.000 -90.000 -90.000 0.5000 399.4405
13 1.514793 30.0 280 367.8702 90.000 90.000 90.000 90.000 -90.000 -90.000 -90.000 -90.000 0.5000 399.4404
14 1.514793 40.0 280 367.8702 90.000 90.000 90.000 90.000 -90.000 -90.000 -90.000 -90.000 0.5000 399.4404
15 1.514793 50.0 280 367.8702 90.000 90.000 90.000 90.000 -90.000 -90.000 -90.000 -90.000 0.5000 399.4403
16 1.514793 60.0 280 367.8701 90.000 90.000 90.000 90.000 -90.000 -90.000 -90.000 -90.000 0.5000 399.4403
17 1.514793 70.0 280 367.8701 90.000 90.000 90.000 90.000 -90.000 -90.000 -90.000 -90.000 0.5000 399.4403
18 1.514793 80.0 280 367.8701 90.000 90.000 90.000 90.000 -90.000 -90.000 -90.000 -90.000 0.5000 399.4403
19 1.514793 90.0 280 367.8701 90.000 90.000 90.000 90.000 -90.000 -90.000 -90.000 -90.000 0.5000 399.4403
20 1.469238 0.0 280 361.8670 90.000 90.000 90.000 90.000 -90.000 -90.000 -90.000 -90.000 0.5000 387.4340
21 1.469238 10.0 280 361.8641 90.000 90.000 90.000 90.000 -90.000 -90.000 -90.000 -90.000 0.5000 387.4283
22 1.469238 20.0 280 361.8640 90.000 90.000 90.000 90.000 -90.000 -90.000 -90.000 -90.000 0.5000 387.4279
23 1.469238 30.0 280 361.8639 90.000 90.000 90.000 90.000 -90.000 -90.000 -90.000 -90.000 0.5000 387.4279
24 1.469238 40.0 280 361.8639 90.000 90.000 90.000 90.000 -90.000 -90.000 -90.000 -90.000 0.5000 387.4278
25 1.469238 50.0 280 361.8639 90.000 90.000 90.000 90.000 -90.000 -90.000 -90.000 -90.000 0.5000 387.4278
26 1.469238 60.0 280 361.8639 90.000 90.000 90.000 90.000 -90.000 -90.000 -90.000 -90.000 0.5000 387.4277
27 1.469238 70.0 280 361.8639 90.000 90.000 90.000 90.000 -90.000 -90.000 -90.000 -90.000 0.5000 387.4277
28 1.469238 80.0 280 361.8639 90.000 90.000 90.000 90.000 -90.000 -90.000 -90.000 -90.000 0.5000 387.4277
29 1.469238 90.0 280 361.8639 90.000 90.000 90.000 90.000 -90.000 -90.000 -90.000 -90.000 0.5000 387.4277
30 1.425707 0.0 280 356.1276 90.000 90.000 90.000 90.000 -90.000 -90.000 -90.000 -90.000 0.5000 375.9551
31 1.425707 10.0 280 356.1248 90.000 90.000 90.000 90.000 -90.000 -90.000 -90.000 -90.000 0.5000 375.9495
32 1.425707 20.0 280 356.1246 90.000 90.000 90.000 90.000 -90.000 -90.000 -90.000 -90.000 0.5000 375.9492
33 1.425707 30.0 280 356.1246 90.000 90.000 90.000 90.000 -90.000 -90.000 -90.000 -90.000 0.5000 375.9491
34 1.425707 40.0 280 356.1245 90.000 90.000 90.000 90.000 -90.000 -90.000 -90.000 -90.000 0.5000 375.9491
35 1.425707 50.0 280 356.1245 90.000 90.000 90.000 90.000 -90.000 -90.000 -90.000 -90.000 0.5000 375.9490
36 1.425707 60.0 280 356.1245 90.000 90.000 90.000 90.000 -90.000 -90.000 -90.000 -90.000 0.5000 375.9490
37 1.425707 70.0 280 356.1245 90.000 90.000 90.000 90.000 -90.000 -90.000 -90.000 -90.000 0.5000 375.9490
38 1.425707 80.0 280 356.1245 90.000 90.000 90.000 90.000 -90.000 -90.000 -90.000 -90.000 0.5000 375.9490
39 1.425707 90.0 280 356.1245 90.000 90.000 90.000 90.000 -90.000 -90.000 -90.000 -90.000 0.5000 375.9490
40 1.384083 0.0 280 350.6395 90.000 90.000 90.000 90.000 -90.000 -90.000 -90.000 -90.000 0.5000 364.9790
41 1.384083 10.0 280 350.6368 90.000 90.000 90.000 90.000 -90.000 -90.000 -90.000 -90.000 0.5000 364.9735
42 1.384083 20.0 280 350.6367 90.000 90.000 90.000 90.000 -90.000 -90.000 -90.000 -90.000 0.5000 364.9733
43 1.384083 30.0 280 350.6365 90.000 90.000 90.000 90.000 -90.000 -90.000 -90.000 -90.000 0.5000 364.9731
44 1.384083 40.0 280 350.6365 90.000 90.000 90.000 90.000 -90.000 -90.000 -90.000 -90.000 0.5000 364.9730
45 1.384083 50.0 280 350.6365 90.000 90.000 90.000 90.000 -90.000 -90.000 -90.000 -90.000 0.5000 364.9730
46 1.384083 60.0 280 350.6365 90.000 90.000 90.000 90.000 -90.000 -90.000 -90.000 -90.000 0.5000 364.9730
47 1.384083 70.0 280 350.6365 90.000 90.000 90.000 90.000 -90.000 -90.000 -90.000 -90.000 0.5000 364.9730
48 1.384083 80.0 280 350.6365 90.000 90.000 90.000 90.000 -90.000 -90.000 -90.000 -90.000 0.5000 364.9729
49 1.384083 90.0 280 350.6365 90.000 90.000 90.000 90.000 -90.000 -90.000 -90.000 -90.000 0.5000 364.9729
50 1.344255 0.0 280 259.6280 90.000 0.000 90.000 0.000 0.000 -90.000 0.000 -90.000 0.5000 182.9561
51 1.344255 10.0 280 259.6267 90.000 0.000 90.000 0.000 0.000 -90.000 0.000 -90.000 0.5000 182.9534
52 1.344255 20.0 280 345.3855 90.000 90.000 90.000 90.000 -90.000 -90.000 -90.000 -90.000 0.5000 354.4710
53 1.344255 30.0 280 345.3855 90.000 90.000 90.000 90.000 -90.000 -90.000 -90.000 -90.000 0.5000 354.4709
54 1.344255 40.0 280 345.3854 90.000 90.000 90.000 90.000 -90.000 -90.000 -90.000 -90.000 0.5000 354.4709
55 1.344255 50.0 280 345.3854 90.000 90.000 90.000 90.000 -90.000 -90.000 -90.000 -90.000 0.5000 354.4708
56 1.344255 60.0 280 345.3854 90.000 90.000 90.000 90.000 -90.000 -90.000 -90.000 -90.000 0.5000 354.4708
57 1.344255 70.0 280 345.3854 90.000 90.000 90.000 90.000 -90.000 -90.000 -90.000 -90.000 0.5000 354.4708
58 1.344255 80.0 280 345.3854 90.000 90.000 90.000 90.000 -90.000 -90.000 -90.000 -90.000 0.5000 354.4708
59 1.344255 90.0 280 345.3854 90.000 90.000 90.000 90.000 -90.000 -90.000 -90.000 -90.000 0.5000 354.4708
60 1.306122 0.0 280 257.0331 90.000 0.000 90.000 0.000 0.000 -90.000 0.000 -90.000 0.5000 177.7661
61 1.306122 10.0 280 257.0317 90.000 0.000 90.000 0.000 0.000 -90.000 0.000 -90.000 0.5000 177.7635
62 1.306122 20.0 280 340.3578 90.000 90.000 90.000 90.000 -90.000 -90.000 -90.000 -90.000 0.5000 344.4156
63 1.306122 30.0 280 340.3577 90.000 90.000 90.000 90.000 -90.000 -90.000 -90.000 -90.000 0.5000 344.4155
64 1.306122 40.0 280 340.3577 90.000 90.000 90.000 90.000 -90.000 -90.000 -90.000 -90.000 0.5000 344.4154
65 1.306122 50.0 280 340.3577 90.000 90.000 90.000 90.000 -90.000 -90.000 -90.000 -90.000 0.5000 344.4154
66 1.306122 60.0 280 340.3577 90.000 90.000 90.000 90.000 -90.000 -90.000 -90.000 -90.000 0.5000 344.4154
67 1.306122 70.0 280 340.3577 90.000 90.000 90.000 90.000 -90.000 -90.000 -90.000 -90.000 0.5000 344.4154
68 1.306122 80.0 280 340.3577 90.000 90.000 90.000 90.000 -90.000 -90.000 -90.000 -90.000 0.5000 344.4154
69 1.306122 90.0 280 340.3577 90.000 90.000 90.000 90.000 -90.000 -90.000 -90.000 -90.000 0.5000 344.4154
70 1.269589 0.0 280 254.5469 90.000 0.000 90.000 0.000 0.000 -90.000 0.000 -90.000 0.5000 172.7939
71 1.269589 10.0 280 254.5456 90.000 0.000 90.000 0.000 0.000 -90.000 0.000 -90.000 0.5000 172.7913
72 1.269589 20.0 280 254.5456 90.000 0.000 90.000 0.000 0.000 -90.000 0.000 -90.000 0.5000 172.7912
73 1.269589 30.0 280 335.5410 90.000 90.000 90.000 90.000 -90.000 -90.000 -90.000 -90.000 0.5000 334.7820
74 1.269589 40.0 280 335.5409 90.000 90.000 90.000 90.000 -90.000 -90.000 -90.000 -90.000 0.5000 334.7818
75 1.269589 50.0 280 335.5409 90.000 90.000 90.000 90.000 -90.000 -90.000 -90.000 -90.000 0.5000 334.7818
76 1.269589 60.0 280 335.5409 90.000 90.000 90.000 90.000 -90.000 -90.000 -90.000 -90.000 0.5000 334.7818
77 1.269589 70.0 280 335.5409 90.000 90.000 90.000 90.000 -90.000 -90.000 -90.000 -90.000 0.5000 334.7818
78 1.269589 80.0 280 335.5409 90.000 90.000 90.000 90.000 -90.000 -90.000 -90.000 -90.000 0.5000 334.7818
79 1.269589 90.0 280 335.5409 90.000 90.000 90.000 90.000 -90.000 -90.000 -90.000 -90.000 0.5000 334.7818
80 1.234568 0.0 280 252.1637 90.000 0.000 90.000 0.000 0.000 -90.000 0.000 -90.000 0.5000 168.0274
81 1.234568 10.0 280 252.1624 90.000 0.000 90.000 0.000 0.000 -90.000 0.000 -90.000 0.5000 168.0249
82 1.234568 20.0 280 252.1624 90.000 0.000 90.000 0.000 0.000 -90.000 0.000 -90.000 0.5000 168.0248
83 1.234568 30.0 280 330.9235 90.000 90.000 90.000 90.000 -90.000 -90.000 -90.000 -90.000 0.5000 325.5470
84 1.234568 40.0 280 330.9235 90.000 90.000 90.000 90.000 -90.000 -90.000 -90.000 -90.000 0.5000 325.5470
85 1.234568 50.0 280 330.9235 90.000 90.000 90.000 90.000 -90.000 -90.000 -90.000 -90.000 0.5000 325.5470
86 1.234568 60.0 280 330.9235 90.000 90.000 90.000 90.000 -90.000 -90.000 -90.000 -90.000 0.5000 325.5470
87 1.234568 70.0 280 330.9235 90.000 90.000 90.000 90.000 -90.000 -90.000 -90.000 -90.000 0.5000 325.5469
88 1.234568 80.0 280 330.9235 90.000 90.000 90.000 90.000 -90.000 -90.000 -90.000 -90.000 0.5000 325.5469
89 1.234568 90.0 280 330.9235 90.000 90.000 90.000 90.000 -90.000 -90.000 -90.000 -90.000 0.5000 325.5469
90 1.200976 0.0 280 249.8777 90.000 0.000 90.000 0.000 0.000 -90.000 0.000 -90.000 0.5000 163.4554
91 1.200976 10.0 280 249.8765 90.000 0.000 90.000 0.000 0.000 -90.000 0.000 -90.000 0.5000 163.4530
92 1.200976 20.0 280 249.8764 90.000 0.000 90.000 0.000 0.000 -90.000 0.000 -90.000 0.5000 163.4529
93 1.200976 30.0 280 326.4945 90.000 90.000 90.000 90.000 -90.000 -90.000 -90.000 -90.000 0.5000 316.6890
94 1.200976 40.0 280 326.4945 90.000 90.000 90.000 90.000 -90.000 -90.000 -90.000 -90.000 0.5000 316.6890
95 1.200976 50.0 280 326.4945 90.000 90.000 90.000 90.000 -90.000 -90.000 -90.000 -90.000 0.5000 316.6890
96 1.200976 60.0 280 326.4945 90.000 90.000 90.000 90.000 -90.000 -90.000 -90.000 -90.000 0.5000 316.6890
97 1.200976 70.0 280 326.4945 90.000 90.000 90.000 90.000 -90.000 -90.000 -90.000 -90.000 0.5000 316.6890
98 1.200976 80.0 280 326.4945 90.000 90.000 90.000 90.000 -90.000 -90.000 -90.000 -90.000 0.5000 316.6890
99 1.200976 90.0 280 326.4945 90.000 90.000 90.000 90.000 -90.000 -90.000 -90.000 -90.000 0.5000 316.6890
100 1.168736 0.0 280 247.6838 90.000 0.000 90.000 0.000 0.000 -90.000 0.000 -90.000 0.5000 159.0676
101 1.168736 10.0 280 247.6826 90.000 0.000 90.000 0.000 0.000 -90.000 0.000 -90.000 0.5000 159.0652
102 1.168736 20.0 280 247.6825 90.000 0.000 90.000 0.000 0.000 -90.000 0.000 -90.000 0.5000 159.0651
103 1.168736 30.0 280 322.2439 90.000 90.000 90.000 90.000 -90.000 -90.000 -90.000 -90.000 0.5000 308.1877
104 1.168736 40.0 280 322.2438 90.000 90.000 90.000 90.000 -90.000 -90.000 -90.000 -90.000 0.5000 308.1876
105 1.168736 50.0 280 322.2438 90.000 90.000 90.000 90.000 -90.000 -90.000 -90.000 -90.000 0.5000 308.1877
106 1.168736 60.0 280 322.2438 90.000 90.000 90.000 90.000 -90.000 -90.000 -90.000 -90.000 0.5000 308.1877
107 1.168736 70.0 280 322.2438 90.000 90.000 90.000 90.000 -90.000 -90.000 -90.000 -90.000 0.5000 308.1877
108 1.168736 80.0 280 322.2438 90.000 90.000 90.000 90.000 -90.000 -90.000 -90.000 -90.000 0.5000 308.1877
109 1.168736 90.0 280 322.2438 90.000 90.000 90.000 90.000 -90.000 -90.000 -90.000 -90.000 0.5000 308.1876
110 1.137778 0.0 280 245.5770 90.000 0.000 90.000 0.000 0.000 -90.000 0.000 -90.000 0.5000 154.8540
111 1.137778 10.0 280 245.5759 90.000 0.000 90.000 0.000 0.000 -90.000 0.000 -90.000 0.5000 154.8517
112 1.137778 20.0 280 245.5758 90.000 0.000 90.000 0.000 0.000 -90.000 0.000 -90.000 0.5000 154.8516
113 1.137778 30.0 280 251.9253 90.000 0.000 90.000 0.000 0.000 -90.000 0.000 -90.000 0.5000 167.5506
114 1.137778 40.0 280 318.1620 90.000 90.000 90.000 90.000 -90.000 -90.000 -90.000 -90.000 0.5000 300.0241
115 1.137778 50.0 280 318.1621 90.000 90.000 90.000 90.000 -90.000 -90.000 -90.000 -90.000 0.5000 300.0241
116 1.137778 60.0 280 318.1620 90.000 90.000 90.000 90.000 -90.000 -90.000 -90.000 -90.000 0.5000 300.0240
117 1.137778 70.0 280 318.1620 90.000 90.000 90.000 90.000 -90.000 -90.000 -90.000 -90.000 0.5000 300.0240
118 1.137778 80.0 280 318.1620 90.000 90.000 90.000 90.000 -90.000 -90.000 -90.000 -90.000 0.5000 300.0241
119 1.137778 90.0 280 318.1620 90.000 90.000 90.000 90.000 -90.000 -90.000 -90.000 -90.000 0.5000 300.0241
120 1.108033 0.0 280 243.5529 90.000 0.000 90.000 0.000 0.000 -90.000 0.000 -90.000 0.5000 150.8057
121 1.108033 10.0 280 243.5517 90.000 0.000 90.000 0.000 0.000 -90.000 0.000 -90.000 0.5000 150.8035
122 1.108033 20.0 280 243.5517 90.000 0.000 90.000 0.000 0.000 -90.000 0.000 -90.000 0.5000 150.8034
123 1.108033 30.0 280 246.5231 90.000 0.000 90.000 0.000 0.000 -90.000 0.000 -90.000 0.5000 156.7462
124 1.108033 40.0 280 257.4437 90.000 0.000 90.000 0.000 0.000 -90.000 0.000 -90.000 0.5000 178.5873
125 1.108033 50.0 280 314.2403 90.000 90.000 90.000 90.000 -90.000 -90.000 -90.000 -90.000 0.5000 292.1807
126 1.108033 60.0 280 314.2403 90.000 90.000 90.000 90.000 -90.000 -90.000 -90.000 -90.000 0.5000 292.1806
127 1.108033 70.0 280 314.2403 90.000 90.000 90.000 90.000 -90.000 -90.000 -90.000 -90.000 0.5000 292.1806
128 1.108033 80.0 280 314.2403 90.000 90.000 90.000 90.000 -90.000 -90.000 -90.000 -90.000 0.5000 292.1806
129 1.108033 90.0 280 314.2403 90.000 90.000 90.000 90.000 -90.000 -90.000 -90.000 -90.000 0.5000 292.1807
130 1.079440 0.0 280 241.6071 90.000 0.000 90.000 0.000 0.000 -90.000 0.000 -90.000 0.5000 146.9141
131 1.079440 10.0 280 241.6060 90.000 0.000 90.000 0.000 0.000 -90.000 0.000 -90.000 0.5000 146.9119
132 1.079440 20.0 280 241.6059 90.000 0.000 90.000 0.000 0.000 -90.000 0.000 -90.000 0.5000 146.9119
133 1.079440 30.0 280 242.8466 90.000 0.000 90.000 0.000 0.000 -90.000 0.000 -90.000 0.5000 149.3933
134 1.079440 40.0 280 252.1105 90.000 0.000 90.000 0.000 0.000 -90.000 0.000 -90.000 0.5000 167.9210
135 1.079440 50.0 280 259.5834 73.718 0.000 73.718 0.000 0.000 -74.576 0.000 -74.576 0.5000 182.8668
136 1.079440 60.0 280 310.4704 90.000 90.000 90.000 90.000 -90.000 -90.000 -90.000 -90.000 0.5000 284.6408
137 1.079440 70.0 280 310.4704 90.000 90.000 90.000 90.000 -90.000 -90.000 -90.000 -90.000 0.5000 284.6407
138 1.079440 80.0 280 310.4704 90.000 90.000 90.000 90.000 -90.000 -90.000 -90.000 -90.000 0.5000 284.6408
139 1.079440 90.0 280 310.4704 90.000 90.000 90.000 90.000 -90.000 -90.000 -90.000 -90.000 0.5000 284.6408
140 1.051940 0.0 280 239.7356 90.000 0.000 90.000 0.000 0.000 -90.000 0.000 -90.000 0.5000 143.1713
141 1.051940 10.0 280 239.7346 90.000 0.000 90.000 0.000 0.000 -90.000 0.000 -90.000 0.5000 143.1691
142 1.051940 20.0 280 239.7345 90.000 0.000 90.000 0.000 0.000 -90.000 0.000 -90.000 0.5000 143.1690
143 1.051940 30.0 280 239.9900 90.000 0.000 90.000 0.000 0.000 -90.000 0.000 -90.000 0.5000 143.6801
144 1.051940 40.0 280 247.8305 90.000 0.000 90.000 0.000 0.000 -90.000 0.000 -90.000 0.5000 159.3610
145 1.051940 50.0 280 254.5021 90.000 0.000 90.000 0.000 0.000 -90.000 0.000 -90.000 0.5000 172.7042
146 1.051940 60.0 280 263.9676 48.118 0.000 48.118 0.000 0.000 -48.163 0.000 -48.163 0.5000 191.6352
147 1.051940 70.0 280 306.8446 90.000 90.000 90.000 90.000 -90.000 -90.000 -90.000 -90.000 0.5000 277.3891
148 1.051940 80.0 280 306.8445 90.000 90.000 90.000 90.000 -90.000 -90.000 -90.000 -90.000 0.5000 277.3890
149 1.051940 90.0 280 306.8445 90.000 90.000 90.000 90.000 -90.000 -90.000 -90.000 -90.000 0.5000 277.3891
